40 1596502085 1.600000 -1.000000 -101.000000 0.000000 0.000000
40 1596502086 1.600000 -1.000000 -101.000000 0.000000 0.000000
40 1596502087 1.600000 -1.000000 -101.000000 0.000000 0.000000
40 1596502088 1.600000 -1.000000 -101.000000 0.000000 0.000000
40 1596502089 1.600000 -1.000000 -101.000000 0.000000 0.000000
40 1596502090 3.000000 -1.000000 -101.000000 0.000000 0.000000
40 1596502091 3.000000 -1.000000 -101.000000 0.000000 0.000000
40 1596502092 3.000000 -1.000000 -101.000000 0.000000 0.000000
40 1596502093 3.000000 -1.000000 -101.000000 0.000000 0.000000
40 1596502094 3.000000 -1.000000 -101.000000 0.000000 0.000000
40 1596502095 4.200000 -1.000000 -101.000000 0.000000 0.000000
40 1596502096 4.200000 -1.000000 -101.000000 0.000000 0.000000
40 1596502097 4.200000 -1.000000 -101.000000 0.000000 0.000000
40 1596502098 4.200000 -1.000000 -101.000000 0.000000 0.000000
40 1596502099 4.200000 -1.000000 -101.000000 0.000000 0.000000
40 1596502100 4.400000 -1.000000 -101.000000 0.000000 0.000000
40 1596502101 4.400000 -1.000000 -101.000000 0.000000 0.000000
40 1596502102 4.400000 -1.000000 -101.000000 0.000000 0.000000
40 1596502103 4.400000 -1.000000 -101.000000 0.000000 0.000000
40 1596502104 4.400000 -1.000000 -101.000000 0.000000 0.000000
40 1596502105 4.800000 -1.000000 -101.000000 0.000000 0.000000
40 1596502106 4.800000 -1.000000 -101.000000 0.000000 0.000000
40 1596502107 4.800000 -1.000000 -101.000000 0.000000 0.000000
40 1596502108 4.800000 -1.000000 -101.000000 0.000000 0.000000
40 1596502109 4.800000 -1.000000 -101.000000 0.000000 0.000000
40 1596502110 6.400000 -1.000000 -101.000000 0.000000 0.000000
40 1596502111 6.400000 -1.000000 -101.000000 0.000000 0.000000
40 1596502112 6.400000 -1.000000 -101.000000 0.000000 0.000000
40 1596502113 6.400000 -1.000000 -101.000000 0.000000 0.000000
40 1596502114 6.400000 -1.000000 -101.000000 0.000000 0.000000
40 1596502115 6.200000 -1.000000 -101.000000 0.000000 0.000000
40 1596502116 6.200000 -1.000000 -101.000000 0.000000 0.000000
40 1596502117 6.200000 -1.000000 -101.000000 0.000000 0.000000
40 1596502118 6.200000 -1.000000 -101.000000 0.000000 0.000000
40 1596502119 6.200000 -1.000000 -101.000000 0.000000 0.000000
40 1596502120 6.200000 -1.000000 -101.000000 0.000000 0.000000
40 1596502121 6.200000 -1.000000 -101.000000 0.000000 0.000000
40 1596502122 6.200000 -1.000000 -101.000000 0.000000 0.000000
40 1596502123 6.200000 -1.000000 -101.000000 0.000000 0.000000
40 1596502124 6.200000 -1.000000 -101.000000 0.000000 0.000000
40 1596502125 7.200000 -1.000000 -101.000000 0.000000 0.000000
40 1596502126 7.200000 -1.000000 -101.000000 0.000000 0.000000
40 1596502127 7.200000 -1.000000 -101.000000 0.000000 0.000000
40 1596502128 7.200000 -1.000000 -101.000000 0.000000 0.000000
40 1596502129 7.200000 -1.000000 -101.000000 0.000000 0.000000
40 1596502130 6.000000 -1.000000 -101.000000 0.000000 0.000000
40 1596502131 6.000000 -1.000000 -101.000000 0.000000 0.000000
40 1596502132 6.000000 -1.000000 -101.000000 0.000000 0.000000
40 1596502133 6.000000 -1.000000 -101.000000 0.000000 0.000000
40 1596502134 6.000000 -1.000000 -101.000000 0.000000 0.000000
40 1596502135 5.000000 -1.000000 -101.000000 0.000000 0.000000
40 1596502136 5.000000 -1.000000 -101.000000 0.000000 0.000000
40 1596502137 5.000000 -1.000000 -101.000000 0.000000 0.000000
40 1596502138 5.000000 -1.000000 -101.000000 0.000000 0.000000
40 1596502139 5.000000 -1.000000 -101.000000 0.000000 0.000000
40 1596502140 3.600000 -1.000000 -101.000000 0.000000 0.000000
40 1596502141 3.600000 -1.000000 -101.000000 0.000000 0.000000
40 1596502142 3.600000 -1.000000 -101.000000 0.000000 0.000000
40 1596502143 3.600000 -1.000000 -101.000000 0.000000 0.000000
40 1596502144 3.600000 -1.000000 -101.000000 0.000000 0.000000
40 1596502145 2.600000 -1.000000 -101.000000 0.000000 0.000000
40 1596502146 2.600000 -1.000000 -101.000000 0.000000 0.000000
40 1596502147 2.600000 -1.000000 -101.000000 0.000000 0.000000
40 1596502148 2.600000 -1.000000 -101.000000 0.000000 0.000000
40 1596502149 2.600000 -1.000000 -101.000000 0.000000 0.000000
40 1596502150 6.600000 -1.000000 -101.000000 0.000000 0.000000
40 1596502151 6.600000 -1.000000 -101.000000 0.000000 0.000000
40 1596502152 6.600000 -1.000000 -101.000000 0.000000 0.000000
40 1596502153 6.600000 -1.000000 -101.000000 0.000000 0.000000
40 1596502154 6.600000 -1.000000 -101.000000 0.000000 0.000000
40 1596502155 2.800000 -1.000000 -101.000000 0.000000 0.000000
40 1596502156 2.800000 -1.000000 -101.000000 0.000000 0.000000
40 1596502157 2.800000 -1.000000 -101.000000 0.000000 0.000000
40 1596502158 2.800000 -1.000000 -101.000000 0.000000 0.000000
40 1596502159 2.800000 -1.000000 -101.000000 0.000000 0.000000
40 1596502160 2.600000 -1.000000 -101.000000 0.000000 0.000000
40 1596502161 2.600000 -1.000000 -101.000000 0.000000 0.000000
40 1596502162 2.600000 -1.000000 -101.000000 0.000000 0.000000
40 1596502163 2.600000 -1.000000 -101.000000 0.000000 0.000000
40 1596502164 2.600000 -1.000000 -101.000000 0.000000 0.000000
40 1596502165 3.600000 -1.000000 -101.000000 0.000000 0.000000
40 1596502166 3.600000 -1.000000 -101.000000 0.000000 0.000000
40 1596502167 3.600000 -1.000000 -101.000000 0.000000 0.000000
40 1596502168 3.600000 -1.000000 -101.000000 0.000000 0.000000
40 1596502169 3.600000 -1.000000 -101.000000 0.000000 0.000000
40 1596502170 3.000000 -1.000000 -101.000000 0.000000 0.000000
40 1596502171 3.000000 -1.000000 -101.000000 0.000000 0.000000
40 1596502172 3.000000 -1.000000 -101.000000 0.000000 0.000000
40 1596502173 3.000000 -1.000000 -101.000000 0.000000 0.000000
40 1596502174 3.000000 -1.000000 -101.000000 0.000000 0.000000
40 1596502175 4.200000 -1.000000 -101.000000 0.000000 0.000000
40 1596502176 4.200000 -1.000000 -101.000000 0.000000 0.000000
40 1596502177 4.200000 -1.000000 -101.000000 0.000000 0.000000
40 1596502178 4.200000 -1.000000 -101.000000 0.000000 0.000000
40 1596502179 4.200000 -1.000000 -101.000000 0.000000 0.000000
40 1596502180 3.000000 -1.000000 -101.000000 0.000000 0.000000
40 1596502181 3.000000 -1.000000 -101.000000 0.000000 0.000000
40 1596502182 3.000000 -1.000000 -101.000000 0.000000 0.000000
40 1596502183 3.000000 -1.000000 -101.000000 0.000000 0.000000
40 1596502184 3.000000 -1.000000 -101.000000 0.000000 0.000000
40 1596502185 6.000000 -1.000000 -101.000000 0.000000 0.000000
40 1596502186 6.000000 -1.000000 -101.000000 0.000000 0.000000
40 1596502187 6.000000 -1.000000 -101.000000 0.000000 0.000000
40 1596502188 6.000000 -1.000000 -101.000000 0.000000 0.000000
40 1596502189 6.000000 -1.000000 -101.000000 0.000000 0.000000
40 1596502190 3.200000 -1.000000 -101.000000 0.000000 0.000000
40 1596502191 3.200000 -1.000000 -101.000000 0.000000 0.000000
40 1596502192 3.200000 -1.000000 -101.000000 0.000000 0.000000
40 1596502193 3.200000 -1.000000 -101.000000 0.000000 0.000000
40 1596502194 3.200000 -1.000000 -101.000000 0.000000 0.000000
40 1596502195 5.800000 -1.000000 -101.000000 0.000000 0.000000
40 1596502196 5.800000 -1.000000 -101.000000 0.000000 0.000000
40 1596502197 5.800000 -1.000000 -101.000000 0.000000 0.000000
40 1596502198 5.800000 -1.000000 -101.000000 0.000000 0.000000
40 1596502199 5.800000 -1.000000 -101.000000 0.000000 0.000000
40 1596502200 2.000000 -1.000000 -101.000000 0.000000 0.000000
40 1596502201 2.000000 -1.000000 -101.000000 0.000000 0.000000
40 1596502202 2.000000 -1.000000 -101.000000 0.000000 0.000000
40 1596502203 2.000000 -1.000000 -101.000000 0.000000 0.000000
40 1596502204 2.000000 -1.000000 -101.000000 0.000000 0.000000
40 1596502205 5.000000 -1.000000 -101.000000 0.000000 0.000000
40 1596502206 5.000000 -1.000000 -101.000000 0.000000 0.000000
40 1596502207 5.000000 -1.000000 -101.000000 0.000000 0.000000
40 1596502208 5.000000 -1.000000 -101.000000 0.000000 0.000000
40 1596502209 5.000000 -1.000000 -101.000000 0.000000 0.000000
40 1596502210 4.200000 -1.000000 -101.000000 0.000000 0.000000
40 1596502211 4.200000 -1.000000 -101.000000 0.000000 0.000000
40 1596502212 4.200000 -1.000000 -101.000000 0.000000 0.000000
40 1596502213 4.200000 -1.000000 -101.000000 0.000000 0.000000
40 1596502214 4.200000 -1.000000 -101.000000 0.000000 0.000000
40 1596502215 4.400000 -1.000000 -101.000000 0.000000 0.000000
40 1596502216 4.400000 -1.000000 -101.000000 0.000000 0.000000
40 1596502217 4.400000 -1.000000 -101.000000 0.000000 0.000000
40 1596502218 4.400000 -1.000000 -101.000000 0.000000 0.000000
40 1596502219 4.400000 -1.000000 -101.000000 0.000000 0.000000
40 1596502220 5.000000 -1.000000 -101.000000 0.000000 0.000000
40 1596502221 5.000000 -1.000000 -101.000000 0.000000 0.000000
40 1596502222 5.000000 -1.000000 -101.000000 0.000000 0.000000
40 1596502223 5.000000 -1.000000 -101.000000 0.000000 0.000000
40 1596502224 5.000000 -1.000000 -101.000000 0.000000 0.000000
40 1596502225 7.000000 -1.000000 -101.000000 0.000000 0.000000
40 1596502226 7.000000 -1.000000 -101.000000 0.000000 0.000000
40 1596502227 7.000000 -1.000000 -101.000000 0.000000 0.000000
40 1596502228 7.000000 -1.000000 -101.000000 0.000000 0.000000
40 1596502229 7.000000 -1.000000 -101.000000 0.000000 0.000000
40 1596502230 4.600000 -1.000000 -101.000000 0.000000 0.000000
40 1596502231 4.600000 -1.000000 -101.000000 0.000000 0.000000
40 1596502232 4.600000 -1.000000 -101.000000 0.000000 0.000000
40 1596502233 4.600000 -1.000000 -101.000000 0.000000 0.000000
40 1596502234 4.600000 -1.000000 -101.000000 0.000000 0.000000
40 1596502235 5.200000 -1.000000 -101.000000 0.000000 0.000000
40 1596502236 5.200000 -1.000000 -101.000000 0.000000 0.000000
40 1596502237 5.200000 -1.000000 -101.000000 0.000000 0.000000
40 1596502238 5.200000 -1.000000 -101.000000 0.000000 0.000000
40 1596502239 5.200000 -1.000000 -101.000000 0.000000 0.000000
40 1596502240 4.400000 -1.000000 -101.000000 0.000000 0.000000
40 1596502241 4.400000 -1.000000 -101.000000 0.000000 0.000000
40 1596502242 4.400000 -1.000000 -101.000000 0.000000 0.000000
40 1596502243 4.400000 -1.000000 -101.000000 0.000000 0.000000
40 1596502244 4.400000 -1.000000 -101.000000 0.000000 0.000000
40 1596502245 5.400000 -1.000000 -101.000000 0.000000 0.000000
40 1596502246 5.400000 -1.000000 -101.000000 0.000000 0.000000
40 1596502247 5.400000 -1.000000 -101.000000 0.000000 0.000000
40 1596502248 5.400000 -1.000000 -101.000000 0.000000 0.000000
40 1596502249 5.400000 -1.000000 -101.000000 0.000000 0.000000
40 1596502250 5.000000 -1.000000 -101.000000 0.000000 0.000000
40 1596502251 5.000000 -1.000000 -101.000000 0.000000 0.000000
40 1596502252 5.000000 -1.000000 -101.000000 0.000000 0.000000
40 1596502253 5.000000 -1.000000 -101.000000 0.000000 0.000000
40 1596502254 5.000000 -1.000000 -101.000000 0.000000 0.000000
40 1596502255 4.600000 -1.000000 -101.000000 0.000000 0.000000
40 1596502256 4.600000 -1.000000 -101.000000 0.000000 0.000000
40 1596502257 4.600000 -1.000000 -101.000000 0.000000 0.000000
40 1596502258 4.600000 -1.000000 -101.000000 0.000000 0.000000
40 1596502259 4.600000 -1.000000 -101.000000 0.000000 0.000000
40 1596502260 4.000000 -1.000000 -101.000000 0.000000 0.000000
40 1596502261 4.000000 -1.000000 -101.000000 0.000000 0.000000
40 1596502262 4.000000 -1.000000 -101.000000 0.000000 0.000000
40 1596502263 4.000000 -1.000000 -101.000000 0.000000 0.000000
40 1596502264 4.000000 -1.000000 -101.000000 0.000000 0.000000
40 1596502265 7.800000 -1.000000 -101.000000 0.000000 0.000000
40 1596502266 7.800000 -1.000000 -101.000000 0.000000 0.000000
40 1596502267 7.800000 -1.000000 -101.000000 0.000000 0.000000
40 1596502268 7.800000 -1.000000 -101.000000 0.000000 0.000000
40 1596502269 7.800000 -1.000000 -101.000000 0.000000 0.000000
40 1596502270 2.800000 -1.000000 -101.000000 0.000000 0.000000
40 1596502271 2.800000 -1.000000 -101.000000 0.000000 0.000000
40 1596502272 2.800000 -1.000000 -101.000000 0.000000 0.000000
40 1596502273 2.800000 -1.000000 -101.000000 0.000000 0.000000
40 1596502274 2.800000 -1.000000 -101.000000 0.000000 0.000000
40 1596502275 2.000000 -1.000000 -101.000000 0.000000 0.000000
40 1596502276 2.000000 -1.000000 -101.000000 0.000000 0.000000
40 1596502277 2.000000 -1.000000 -101.000000 0.000000 0.000000
40 1596502278 2.000000 -1.000000 -101.000000 0.000000 0.000000
40 1596502279 2.000000 -1.000000 -101.000000 0.000000 0.000000
40 1596502280 3.800000 -1.000000 -101.000000 0.000000 0.000000
40 1596502281 3.800000 -1.000000 -101.000000 0.000000 0.000000
40 1596502282 3.800000 -1.000000 -101.000000 0.000000 0.000000
40 1596502283 3.800000 -1.000000 -101.000000 0.000000 0.000000
40 1596502284 3.800000 -1.000000 -101.000000 0.000000 0.000000
40 1596502285 3.200000 -1.000000 -101.000000 0.000000 0.000000
40 1596502286 3.200000 -1.000000 -101.000000 0.000000 0.000000
40 1596502287 3.200000 -1.000000 -101.000000 0.000000 0.000000
40 1596502288 3.200000 -1.000000 -101.000000 0.000000 0.000000
40 1596502289 3.200000 -1.000000 -101.000000 0.000000 0.000000
40 1596502290 5.800000 -1.000000 -101.000000 0.000000 0.000000
40 1596502291 5.800000 -1.000000 -101.000000 0.000000 0.000000
40 1596502292 5.800000 -1.000000 -101.000000 0.000000 0.000000
40 1596502293 5.800000 -1.000000 -101.000000 0.000000 0.000000
40 1596502294 5.800000 -1.000000 -101.000000 0.000000 0.000000
40 1596502295 2.800000 -1.000000 -101.000000 0.000000 0.000000
40 1596502296 2.800000 -1.000000 -101.000000 0.000000 0.000000
40 1596502297 2.800000 -1.000000 -101.000000 0.000000 0.000000
40 1596502298 2.800000 -1.000000 -101.000000 0.000000 0.000000
40 1596502299 2.800000 -1.000000 -101.000000 0.000000 0.000000
40 1596502300 4.600000 -1.000000 -101.000000 0.000000 0.000000
40 1596502301 4.600000 -1.000000 -101.000000 0.000000 0.000000
40 1596502302 4.600000 -1.000000 -101.000000 0.000000 0.000000
40 1596502303 4.600000 -1.000000 -101.000000 0.000000 0.000000
40 1596502304 4.600000 -1.000000 -101.000000 0.000000 0.000000
40 1596502305 4.800000 -1.000000 -101.000000 0.000000 0.000000
40 1596502306 4.800000 -1.000000 -101.000000 0.000000 0.000000
40 1596502307 4.800000 -1.000000 -101.000000 0.000000 0.000000
40 1596502308 4.800000 -1.000000 -101.000000 0.000000 0.000000
40 1596502309 4.800000 -1.000000 -101.000000 0.000000 0.000000
40 1596502310 4.400000 -1.000000 -101.000000 0.000000 0.000000
40 1596502311 4.400000 -1.000000 -101.000000 0.000000 0.000000
40 1596502312 4.400000 -1.000000 -101.000000 0.000000 0.000000
40 1596502313 4.400000 -1.000000 -101.000000 0.000000 0.000000
40 1596502314 4.400000 -1.000000 -101.000000 0.000000 0.000000
40 1596502315 5.600000 -1.000000 -101.000000 0.000000 0.000000
40 1596502316 5.600000 -1.000000 -101.000000 0.000000 0.000000
40 1596502317 5.600000 -1.000000 -101.000000 0.000000 0.000000
40 1596502318 5.600000 -1.000000 -101.000000 0.000000 0.000000
40 1596502319 5.600000 -1.000000 -101.000000 0.000000 0.000000
40 1596502320 5.800000 -1.000000 -101.000000 0.000000 0.000000
40 1596502321 5.800000 -1.000000 -101.000000 0.000000 0.000000
40 1596502322 5.800000 -1.000000 -101.000000 0.000000 0.000000
40 1596502323 5.800000 -1.000000 -101.000000 0.000000 0.000000
40 1596502324 5.800000 -1.000000 -101.000000 0.000000 0.000000
40 1596502325 4.600000 -1.000000 -101.000000 0.000000 0.000000
40 1596502326 4.600000 -1.000000 -101.000000 0.000000 0.000000
40 1596502327 4.600000 -1.000000 -101.000000 0.000000 0.000000
40 1596502328 4.600000 -1.000000 -101.000000 0.000000 0.000000
40 1596502329 4.600000 -1.000000 -101.000000 0.000000 0.000000
40 1596502330 2.800000 -1.000000 -101.000000 0.000000 0.000000
40 1596502331 2.800000 -1.000000 -101.000000 0.000000 0.000000
40 1596502332 2.800000 -1.000000 -101.000000 0.000000 0.000000
40 1596502333 2.800000 -1.000000 -101.000000 0.000000 0.000000
40 1596502334 2.800000 -1.000000 -101.000000 0.000000 0.000000
40 1596502335 6.200000 -1.000000 -101.000000 0.000000 0.000000
40 1596502336 6.200000 -1.000000 -101.000000 0.000000 0.000000
40 1596502337 6.200000 -1.000000 -101.000000 0.000000 0.000000
40 1596502338 6.200000 -1.000000 -101.000000 0.000000 0.000000
40 1596502339 6.200000 -1.000000 -101.000000 0.000000 0.000000
40 1596502340 4.000000 -1.000000 -101.000000 0.000000 0.000000
40 1596502341 4.000000 -1.000000 -101.000000 0.000000 0.000000
40 1596502342 4.000000 -1.000000 -101.000000 0.000000 0.000000
40 1596502343 4.000000 -1.000000 -101.000000 0.000000 0.000000
40 1596502344 4.000000 -1.000000 -101.000000 0.000000 0.000000
40 1596502345 3.000000 -1.000000 -101.000000 0.000000 0.000000
40 1596502346 3.000000 -1.000000 -101.000000 0.000000 0.000000
40 1596502347 3.000000 -1.000000 -101.000000 0.000000 0.000000
40 1596502348 3.000000 -1.000000 -101.000000 0.000000 0.000000
40 1596502349 3.000000 -1.000000 -101.000000 0.000000 0.000000
40 1596502350 2.200000 -1.000000 -101.000000 0.000000 0.000000
40 1596502351 2.200000 -1.000000 -101.000000 0.000000 0.000000
40 1596502352 2.200000 -1.000000 -101.000000 0.000000 0.000000
40 1596502353 2.200000 -1.000000 -101.000000 0.000000 0.000000
40 1596502354 2.200000 -1.000000 -101.000000 0.000000 0.000000
40 1596502355 6.600000 -1.000000 -101.000000 0.000000 0.000000
40 1596502356 6.600000 -1.000000 -101.000000 0.000000 0.000000
40 1596502357 6.600000 -1.000000 -101.000000 0.000000 0.000000
40 1596502358 6.600000 -1.000000 -101.000000 0.000000 0.000000
40 1596502359 6.600000 -1.000000 -101.000000 0.000000 0.000000
40 1596502360 5.200000 -1.000000 -101.000000 0.000000 0.000000
40 1596502361 5.200000 -1.000000 -101.000000 0.000000 0.000000
40 1596502362 5.200000 -1.000000 -101.000000 0.000000 0.000000
40 1596502363 5.200000 -1.000000 -101.000000 0.000000 0.000000
40 1596502364 5.200000 -1.000000 -101.000000 0.000000 0.000000
40 1596502365 4.600000 -1.000000 -101.000000 0.000000 0.000000
40 1596502366 4.600000 -1.000000 -101.000000 0.000000 0.000000
40 1596502367 4.600000 -1.000000 -101.000000 0.000000 0.000000
40 1596502368 4.600000 -1.000000 -101.000000 0.000000 0.000000
40 1596502369 4.600000 -1.000000 -101.000000 0.000000 0.000000
40 1596502370 3.800000 -1.000000 -101.000000 0.000000 0.000000
40 1596502371 3.800000 -1.000000 -101.000000 0.000000 0.000000
40 1596502372 3.800000 -1.000000 -101.000000 0.000000 0.000000
40 1596502373 3.800000 -1.000000 -101.000000 0.000000 0.000000
40 1596502374 3.800000 -1.000000 -101.000000 0.000000 0.000000
40 1596502375 6.200000 -1.000000 -101.000000 0.000000 0.000000
40 1596502376 6.200000 -1.000000 -101.000000 0.000000 0.000000
40 1596502377 6.200000 -1.000000 -101.000000 0.000000 0.000000
40 1596502378 6.200000 -1.000000 -101.000000 0.000000 0.000000
40 1596502379 6.200000 -1.000000 -101.000000 0.000000 0.000000
40 1596502380 5.400000 -1.000000 -101.000000 0.000000 0.000000
40 1596502381 5.400000 -1.000000 -101.000000 0.000000 0.000000
40 1596502382 5.400000 -1.000000 -101.000000 0.000000 0.000000
40 1596502383 5.400000 -1.000000 -101.000000 0.000000 0.000000
40 1596502384 5.400000 -1.000000 -101.000000 0.000000 0.000000
40 1596502385 5.200000 -1.000000 -101.000000 0.000000 0.000000
40 1596502386 5.200000 -1.000000 -101.000000 0.000000 0.000000
40 1596502387 5.200000 -1.000000 -101.000000 0.000000 0.000000
40 1596502388 5.200000 -1.000000 -101.000000 0.000000 0.000000
40 1596502389 5.200000 -1.000000 -101.000000 0.000000 0.000000
40 1596502390 2.600000 -1.000000 -101.000000 0.000000 0.000000
40 1596502391 2.600000 -1.000000 -101.000000 0.000000 0.000000
40 1596502392 2.600000 -1.000000 -101.000000 0.000000 0.000000
40 1596502393 2.600000 -1.000000 -101.000000 0.000000 0.000000
40 1596502394 2.600000 -1.000000 -101.000000 0.000000 0.000000
40 1596502395 7.200000 -1.000000 -101.000000 0.000000 0.000000
40 1596502396 7.200000 -1.000000 -101.000000 0.000000 0.000000
40 1596502397 7.200000 -1.000000 -101.000000 0.000000 0.000000
40 1596502398 7.200000 -1.000000 -101.000000 0.000000 0.000000
40 1596502399 7.200000 -1.000000 -101.000000 0.000000 0.000000
40 1596502400 5.600000 -1.000000 -101.000000 0.000000 0.000000
40 1596502401 5.600000 -1.000000 -101.000000 0.000000 0.000000
40 1596502402 5.600000 -1.000000 -101.000000 0.000000 0.000000
40 1596502403 5.600000 -1.000000 -101.000000 0.000000 0.000000
40 1596502404 5.600000 -1.000000 -101.000000 0.000000 0.000000
40 1596502405 5.400000 -1.000000 -101.000000 0.000000 0.000000
40 1596502406 5.400000 -1.000000 -101.000000 0.000000 0.000000
40 1596502407 5.400000 -1.000000 -101.000000 0.000000 0.000000
40 1596502408 5.400000 -1.000000 -101.000000 0.000000 0.000000
40 1596502409 5.400000 -1.000000 -101.000000 0.000000 0.000000
40 1596502410 1.400000 -1.000000 -101.000000 0.000000 0.000000
40 1596502411 1.400000 -1.000000 -101.000000 0.000000 0.000000
40 1596502412 1.400000 -1.000000 -101.000000 0.000000 0.000000
40 1596502413 1.400000 -1.000000 -101.000000 0.000000 0.000000
40 1596502414 1.400000 -1.000000 -101.000000 0.000000 0.000000
40 1596502415 2.800000 -1.000000 -101.000000 0.000000 0.000000
40 1596502416 2.800000 -1.000000 -101.000000 0.000000 0.000000
40 1596502417 2.800000 -1.000000 -101.000000 0.000000 0.000000
40 1596502418 2.800000 -1.000000 -101.000000 0.000000 0.000000
40 1596502419 2.800000 -1.000000 -101.000000 0.000000 0.000000
40 1596502420 1.800000 -1.000000 -101.000000 0.000000 0.000000
40 1596502421 1.800000 -1.000000 -101.000000 0.000000 0.000000
40 1596502422 1.800000 -1.000000 -101.000000 0.000000 0.000000
40 1596502423 1.800000 -1.000000 -101.000000 0.000000 0.000000
40 1596502424 1.800000 -1.000000 -101.000000 0.000000 0.000000
40 1596502425 2.400000 -1.000000 -101.000000 0.000000 0.000000
40 1596502426 2.400000 -1.000000 -101.000000 0.000000 0.000000
40 1596502427 2.400000 -1.000000 -101.000000 0.000000 0.000000
40 1596502428 2.400000 -1.000000 -101.000000 0.000000 0.000000
40 1596502429 2.400000 -1.000000 -101.000000 0.000000 0.000000
40 1596502430 4.400000 -1.000000 -101.000000 0.000000 0.000000
40 1596502431 4.400000 -1.000000 -101.000000 0.000000 0.000000
40 1596502432 4.400000 -1.000000 -101.000000 0.000000 0.000000
40 1596502433 4.400000 -1.000000 -101.000000 0.000000 0.000000
40 1596502434 4.400000 -1.000000 -101.000000 0.000000 0.000000
40 1596502435 5.400000 -1.000000 -101.000000 0.000000 0.000000
40 1596502436 5.400000 -1.000000 -101.000000 0.000000 0.000000
40 1596502437 5.400000 -1.000000 -101.000000 0.000000 0.000000
40 1596502438 5.400000 -1.000000 -101.000000 0.000000 0.000000
40 1596502439 5.400000 -1.000000 -101.000000 0.000000 0.000000
40 1596502440 4.400000 -1.000000 -101.000000 0.000000 0.000000
40 1596502441 4.400000 -1.000000 -101.000000 0.000000 0.000000
40 1596502442 4.400000 -1.000000 -101.000000 0.000000 0.000000
40 1596502443 4.400000 -1.000000 -101.000000 0.000000 0.000000
40 1596502444 4.400000 -1.000000 -101.000000 0.000000 0.000000
40 1596502445 4.800000 -1.000000 -101.000000 0.000000 0.000000
40 1596502446 4.800000 -1.000000 -101.000000 0.000000 0.000000
40 1596502447 4.800000 -1.000000 -101.000000 0.000000 0.000000
40 1596502448 4.800000 -1.000000 -101.000000 0.000000 0.000000
40 1596502449 4.800000 -1.000000 -101.000000 0.000000 0.000000
40 1596502450 6.000000 -1.000000 -101.000000 0.000000 0.000000
40 1596502451 6.000000 -1.000000 -101.000000 0.000000 0.000000
40 1596502452 6.000000 -1.000000 -101.000000 0.000000 0.000000
40 1596502453 6.000000 -1.000000 -101.000000 0.000000 0.000000
40 1596502454 6.000000 -1.000000 -101.000000 0.000000 0.000000
40 1596502455 4.200000 -1.000000 -101.000000 0.000000 0.000000
40 1596502456 4.200000 -1.000000 -101.000000 0.000000 0.000000
40 1596502457 4.200000 -1.000000 -101.000000 0.000000 0.000000
40 1596502458 4.200000 -1.000000 -101.000000 0.000000 0.000000
40 1596502459 4.200000 -1.000000 -101.000000 0.000000 0.000000
40 1596502460 4.200000 -1.000000 -101.000000 0.000000 0.000000
40 1596502461 4.200000 -1.000000 -101.000000 0.000000 0.000000
40 1596502462 4.200000 -1.000000 -101.000000 0.000000 0.000000
40 1596502463 4.200000 -1.000000 -101.000000 0.000000 0.000000
40 1596502464 4.200000 -1.000000 -101.000000 0.000000 0.000000
40 1596502465 6.200000 -1.000000 -101.000000 0.000000 0.000000
40 1596502466 6.200000 -1.000000 -101.000000 0.000000 0.000000
40 1596502467 6.200000 -1.000000 -101.000000 0.000000 0.000000
40 1596502468 6.200000 -1.000000 -101.000000 0.000000 0.000000
40 1596502469 6.200000 -1.000000 -101.000000 0.000000 0.000000
40 1596502470 8.400000 -1.000000 -101.000000 0.000000 0.000000
40 1596502471 8.400000 -1.000000 -101.000000 0.000000 0.000000
40 1596502472 8.400000 -1.000000 -101.000000 0.000000 0.000000
40 1596502473 8.400000 -1.000000 -101.000000 0.000000 0.000000
40 1596502474 8.400000 -1.000000 -101.000000 0.000000 0.000000
40 1596502475 6.800000 -1.000000 -101.000000 0.000000 0.000000
40 1596502476 6.800000 -1.000000 -101.000000 0.000000 0.000000
40 1596502477 6.800000 -1.000000 -101.000000 0.000000 0.000000
40 1596502478 6.800000 -1.000000 -101.000000 0.000000 0.000000
40 1596502479 6.800000 -1.000000 -101.000000 0.000000 0.000000
40 1596502480 2.600000 -1.000000 -101.000000 0.000000 0.000000
40 1596502481 2.600000 -1.000000 -101.000000 0.000000 0.000000
40 1596502482 2.600000 -1.000000 -101.000000 0.000000 0.000000
40 1596502483 2.600000 -1.000000 -101.000000 0.000000 0.000000
40 1596502484 2.600000 -1.000000 -101.000000 0.000000 0.000000
40 1596502485 3.600000 -1.000000 -101.000000 0.000000 0.000000
40 1596502486 3.600000 -1.000000 -101.000000 0.000000 0.000000
40 1596502487 3.600000 -1.000000 -101.000000 0.000000 0.000000
40 1596502488 3.600000 -1.000000 -101.000000 0.000000 0.000000
40 1596502489 3.600000 -1.000000 -101.000000 0.000000 0.000000
40 1596502490 5.400000 -1.000000 -101.000000 0.000000 0.000000
40 1596502491 5.400000 -1.000000 -101.000000 0.000000 0.000000
40 1596502492 5.400000 -1.000000 -101.000000 0.000000 0.000000
40 1596502493 5.400000 -1.000000 -101.000000 0.000000 0.000000
40 1596502494 5.400000 -1.000000 -101.000000 0.000000 0.000000
40 1596502495 4.000000 -1.000000 -101.000000 0.000000 0.000000
40 1596502496 4.000000 -1.000000 -101.000000 0.000000 0.000000
40 1596502497 4.000000 -1.000000 -101.000000 0.000000 0.000000
40 1596502498 4.000000 -1.000000 -101.000000 0.000000 0.000000
40 1596502499 4.000000 -1.000000 -101.000000 0.000000 0.000000
40 1596502500 4.600000 -1.000000 -101.000000 0.000000 0.000000
40 1596502501 4.600000 -1.000000 -101.000000 0.000000 0.000000
40 1596502502 4.600000 -1.000000 -101.000000 0.000000 0.000000
40 1596502503 4.600000 -1.000000 -101.000000 0.000000 0.000000
40 1596502504 4.600000 -1.000000 -101.000000 0.000000 0.000000
40 1596502505 2.800000 -1.000000 -101.000000 0.000000 0.000000
40 1596502506 2.800000 -1.000000 -101.000000 0.000000 0.000000
40 1596502507 2.800000 -1.000000 -101.000000 0.000000 0.000000
40 1596502508 2.800000 -1.000000 -101.000000 0.000000 0.000000
40 1596502509 2.800000 -1.000000 -101.000000 0.000000 0.000000
40 1596502510 4.800000 -1.000000 -101.000000 0.000000 0.000000
40 1596502511 4.800000 -1.000000 -101.000000 0.000000 0.000000
40 1596502512 4.800000 -1.000000 -101.000000 0.000000 0.000000
40 1596502513 4.800000 -1.000000 -101.000000 0.000000 0.000000
40 1596502514 4.800000 -1.000000 -101.000000 0.000000 0.000000
40 1596502515 4.200000 -1.000000 -101.000000 0.000000 0.000000
40 1596502516 4.200000 -1.000000 -101.000000 0.000000 0.000000
40 1596502517 4.200000 -1.000000 -101.000000 0.000000 0.000000
40 1596502518 4.200000 -1.000000 -101.000000 0.000000 0.000000
40 1596502519 4.200000 -1.000000 -101.000000 0.000000 0.000000
40 1596502520 3.600000 -1.000000 -101.000000 0.000000 0.000000
40 1596502521 3.600000 -1.000000 -101.000000 0.000000 0.000000
40 1596502522 3.600000 -1.000000 -101.000000 0.000000 0.000000
40 1596502523 3.600000 -1.000000 -101.000000 0.000000 0.000000
40 1596502524 3.600000 -1.000000 -101.000000 0.000000 0.000000
40 1596502525 1.600000 -1.000000 -101.000000 0.000000 0.000000
40 1596502526 1.600000 -1.000000 -101.000000 0.000000 0.000000
40 1596502527 1.600000 -1.000000 -101.000000 0.000000 0.000000
40 1596502528 1.600000 -1.000000 -101.000000 0.000000 0.000000
40 1596502529 1.600000 -1.000000 -101.000000 0.000000 0.000000
40 1596502530 3.200000 -1.000000 -101.000000 0.000000 0.000000
40 1596502531 3.200000 -1.000000 -101.000000 0.000000 0.000000
40 1596502532 3.200000 -1.000000 -101.000000 0.000000 0.000000
40 1596502533 3.200000 -1.000000 -101.000000 0.000000 0.000000
40 1596502534 3.200000 -1.000000 -101.000000 0.000000 0.000000
40 1596502535 4.800000 -1.000000 -101.000000 0.000000 0.000000
40 1596502536 4.800000 -1.000000 -101.000000 0.000000 0.000000
40 1596502537 4.800000 -1.000000 -101.000000 0.000000 0.000000
40 1596502538 4.800000 -1.000000 -101.000000 0.000000 0.000000
40 1596502539 4.800000 -1.000000 -101.000000 0.000000 0.000000
40 1596502540 5.000000 -1.000000 -101.000000 0.000000 0.000000
40 1596502541 5.000000 -1.000000 -101.000000 0.000000 0.000000
40 1596502542 5.000000 -1.000000 -101.000000 0.000000 0.000000
40 1596502543 5.000000 -1.000000 -101.000000 0.000000 0.000000
40 1596502544 5.000000 -1.000000 -101.000000 0.000000 0.000000
40 1596502545 4.800000 -1.000000 -101.000000 0.000000 0.000000
40 1596502546 4.800000 -1.000000 -101.000000 0.000000 0.000000
40 1596502547 4.800000 -1.000000 -101.000000 0.000000 0.000000
40 1596502548 4.800000 -1.000000 -101.000000 0.000000 0.000000
40 1596502549 4.800000 -1.000000 -101.000000 0.000000 0.000000
40 1596502550 4.200000 -1.000000 -101.000000 0.000000 0.000000
40 1596502551 4.200000 -1.000000 -101.000000 0.000000 0.000000
40 1596502552 4.200000 -1.000000 -101.000000 0.000000 0.000000
40 1596502553 4.200000 -1.000000 -101.000000 0.000000 0.000000
40 1596502554 4.200000 -1.000000 -101.000000 0.000000 0.000000
40 1596502555 4.400000 -1.000000 -101.000000 0.000000 0.000000
40 1596502556 4.400000 -1.000000 -101.000000 0.000000 0.000000
40 1596502557 4.400000 -1.000000 -101.000000 0.000000 0.000000
40 1596502558 4.400000 -1.000000 -101.000000 0.000000 0.000000
40 1596502559 4.400000 -1.000000 -101.000000 0.000000 0.000000
40 1596502560 3.400000 -1.000000 -101.000000 0.000000 0.000000
40 1596502561 3.400000 -1.000000 -101.000000 0.000000 0.000000
40 1596502562 3.400000 -1.000000 -101.000000 0.000000 0.000000
40 1596502563 3.400000 -1.000000 -101.000000 0.000000 0.000000
40 1596502564 3.400000 -1.000000 -101.000000 0.000000 0.000000
40 1596502565 5.600000 -1.000000 -101.000000 0.000000 0.000000
40 1596502566 5.600000 -1.000000 -101.000000 0.000000 0.000000
40 1596502567 5.600000 -1.000000 -101.000000 0.000000 0.000000
40 1596502568 5.600000 -1.000000 -101.000000 0.000000 0.000000
40 1596502569 5.600000 -1.000000 -101.000000 0.000000 0.000000
40 1596502570 4.400000 -1.000000 -101.000000 0.000000 0.000000
40 1596502571 4.400000 -1.000000 -101.000000 0.000000 0.000000
40 1596502572 4.400000 -1.000000 -101.000000 0.000000 0.000000
40 1596502573 4.400000 -1.000000 -101.000000 0.000000 0.000000
40 1596502574 4.400000 -1.000000 -101.000000 0.000000 0.000000
40 1596502575 6.600000 -1.000000 -101.000000 0.000000 0.000000
40 1596502576 6.600000 -1.000000 -101.000000 0.000000 0.000000
40 1596502577 6.600000 -1.000000 -101.000000 0.000000 0.000000
40 1596502578 6.600000 -1.000000 -101.000000 0.000000 0.000000
40 1596502579 6.600000 -1.000000 -101.000000 0.000000 0.000000
40 1596502580 7.800000 -1.000000 -101.000000 0.000000 0.000000
40 1596502581 7.800000 -1.000000 -101.000000 0.000000 0.000000
40 1596502582 7.800000 -1.000000 -101.000000 0.000000 0.000000
40 1596502583 7.800000 -1.000000 -101.000000 0.000000 0.000000
40 1596502584 7.800000 -1.000000 -101.000000 0.000000 0.000000
40 1596502585 8.000000 -1.000000 -101.000000 0.000000 0.000000
40 1596502586 8.000000 -1.000000 -101.000000 0.000000 0.000000
40 1596502587 8.000000 -1.000000 -101.000000 0.000000 0.000000
40 1596502588 8.000000 -1.000000 -101.000000 0.000000 0.000000
40 1596502589 8.000000 -1.000000 -101.000000 0.000000 0.000000
40 1596502590 3.800000 -1.000000 -101.000000 0.000000 0.000000
40 1596502591 3.800000 -1.000000 -101.000000 0.000000 0.000000
40 1596502592 3.800000 -1.000000 -101.000000 0.000000 0.000000
40 1596502593 3.800000 -1.000000 -101.000000 0.000000 0.000000
40 1596502594 3.800000 -1.000000 -101.000000 0.000000 0.000000
40 1596502595 4.000000 -1.000000 -101.000000 0.000000 0.000000
40 1596502596 4.000000 -1.000000 -101.000000 0.000000 0.000000
40 1596502597 4.000000 -1.000000 -101.000000 0.000000 0.000000
40 1596502598 4.000000 -1.000000 -101.000000 0.000000 0.000000
40 1596502599 4.000000 -1.000000 -101.000000 0.000000 0.000000
40 1596502600 3.400000 -1.000000 -101.000000 0.000000 0.000000
40 1596502601 3.400000 -1.000000 -101.000000 0.000000 0.000000
40 1596502602 3.400000 -1.000000 -101.000000 0.000000 0.000000
40 1596502603 3.400000 -1.000000 -101.000000 0.000000 0.000000
40 1596502604 3.400000 -1.000000 -101.000000 0.000000 0.000000
40 1596502605 6.400000 -1.000000 -101.000000 0.000000 0.000000
40 1596502606 6.400000 -1.000000 -101.000000 0.000000 0.000000
40 1596502607 6.400000 -1.000000 -101.000000 0.000000 0.000000
40 1596502608 6.400000 -1.000000 -101.000000 0.000000 0.000000
40 1596502609 6.400000 -1.000000 -101.000000 0.000000 0.000000
40 1596502610 4.800000 -1.000000 -101.000000 0.000000 0.000000
40 1596502611 4.800000 -1.000000 -101.000000 0.000000 0.000000
40 1596502612 4.800000 -1.000000 -101.000000 0.000000 0.000000
40 1596502674 4.600000 -1.000000 4.600000 4.600000 0.000000
40 1596502673 4.600000 -1.000000 4.600000 4.600000 0.000000
40 1596502672 4.600000 -1.000000 4.600000 4.600000 0.000000
40 1596502671 4.600000 -1.000000 4.600000 4.600000 0.000000
40 1596502670 4.600000 -1.000000 4.600000 4.600000 0.000000
40 1596502669 6.200000 -1.000000 6.200000 6.200000 0.000000
40 1596502668 6.200000 -1.000000 6.200000 6.200000 0.000000
40 1596502667 6.200000 -1.000000 6.200000 6.200000 0.000000
40 1596502666 6.200000 -1.000000 6.200000 6.200000 0.000000
40 1596502665 6.200000 -1.000000 6.200000 6.200000 0.000000
40 1596502664 4.400000 -1.000000 4.400000 4.400000 0.000000
40 1596502663 4.400000 -1.000000 4.400000 4.400000 0.000000
40 1596502662 4.400000 -1.000000 4.400000 4.400000 0.000000
40 1596502661 4.400000 -1.000000 4.400000 4.400000 0.000000
40 1596502660 4.400000 -1.000000 4.400000 4.400000 0.000000
40 1596502659 4.000000 -1.000000 4.000000 4.000000 0.000000
40 1596502658 4.000000 -1.000000 4.000000 4.000000 0.000000
40 1596502657 4.000000 -1.000000 4.000000 4.000000 0.000000
40 1596502656 4.000000 -1.000000 4.000000 4.000000 0.000000
40 1596502655 4.000000 -1.000000 4.000000 4.000000 0.000000
40 1596502654 6.400000 -1.000000 6.400000 6.400000 0.000000
40 1596502653 6.400000 -1.000000 6.400000 6.400000 0.000000
40 1596502652 6.400000 -1.000000 6.400000 6.400000 0.000000
40 1596502651 6.400000 -1.000000 6.400000 6.400000 0.000000
40 1596502650 6.400000 -1.000000 6.400000 6.400000 0.000000
40 1596502649 5.400000 -1.000000 5.400000 5.400000 0.000000
40 1596502648 5.400000 -1.000000 5.400000 5.400000 0.000000
40 1596502647 5.400000 -1.000000 5.400000 5.400000 0.000000
40 1596502646 5.400000 -1.000000 5.400000 5.400000 0.000000
40 1596502645 5.400000 -1.000000 5.400000 5.400000 0.000000
40 1596502644 3.600000 -1.000000 3.600000 3.600000 0.000000
40 1596502643 3.600000 -1.000000 3.600000 3.600000 0.000000
40 1596502642 3.600000 -1.000000 3.600000 3.600000 0.000000
40 1596502641 3.600000 -1.000000 3.600000 3.600000 0.000000
40 1596502640 3.600000 -1.000000 3.600000 3.600000 0.000000
40 1596502639 1.400000 -1.000000 1.400000 1.400000 0.000000
40 1596502638 1.400000 -1.000000 1.400000 1.400000 0.000000
40 1596502637 1.400000 -1.000000 1.400000 1.400000 0.000000
40 1596502636 1.400000 -1.000000 1.400000 1.400000 0.000000
40 1596502635 1.400000 -1.000000 1.400000 1.400000 0.000000
40 1596502634 2.600000 -1.000000 2.600000 2.600000 0.000000
40 1596502633 2.600000 -1.000000 2.600000 2.600000 0.000000
40 1596502632 2.600000 -1.000000 2.600000 2.600000 0.000000
40 1596502631 2.600000 -1.000000 2.600000 2.600000 0.000000
40 1596502630 2.600000 -1.000000 2.600000 2.600000 0.000000
40 1596502629 4.000000 -1.000000 4.000000 4.000000 0.000000
40 1596502628 4.000000 -1.000000 4.000000 4.000000 0.000000
40 1596502627 4.000000 -1.000000 4.000000 4.000000 0.000000
40 1596502626 4.000000 -1.000000 4.000000 4.000000 0.000000
40 1596502625 4.000000 -1.000000 4.000000 4.000000 0.000000
40 1596502624 2.800000 -1.000000 2.800000 2.800000 0.000000
40 1596502623 2.800000 -1.000000 2.800000 2.800000 0.000000
40 1596502622 2.800000 -1.000000 2.800000 2.800000 0.000000
40 1596502621 2.800000 -1.000000 2.800000 2.800000 0.000000
40 1596502620 2.800000 -1.000000 2.800000 2.800000 0.000000
40 1596502619 2.400000 -1.000000 2.400000 2.400000 0.000000
40 1596502618 2.400000 -1.000000 2.400000 2.400000 0.000000
40 1596502617 2.400000 -1.000000 2.400000 2.400000 0.000000
40 1596502616 2.400000 -1.000000 2.400000 2.400000 0.000000
40 1596502615 2.400000 -1.000000 2.400000 2.400000 0.000000
40 1596502614 4.800000 -1.000000 4.800000 4.800000 0.000000
40 1596502613 4.800000 -1.000000 4.800000 4.800000 0.000000
40 1596502613 4.800000 -1.000000 -101.000000 0.000000 0.000000
40 1596502614 4.800000 -1.000000 -101.000000 0.000000 0.000000
40 1596502615 2.400000 -1.000000 -101.000000 0.000000 0.000000
40 1596502616 2.400000 -1.000000 -101.000000 0.000000 0.000000
40 1596502617 2.400000 -1.000000 -101.000000 0.000000 0.000000
40 1596502618 2.400000 -1.000000 -101.000000 0.000000 0.000000
40 1596502619 2.400000 -1.000000 -101.000000 0.000000 0.000000
40 1596502620 2.800000 -1.000000 -101.000000 0.000000 0.000000
40 1596502621 2.800000 -1.000000 -101.000000 0.000000 0.000000
40 1596502622 2.800000 -1.000000 -101.000000 0.000000 0.000000
40 1596502623 2.800000 -1.000000 -101.000000 0.000000 0.000000
40 1596502624 2.800000 -1.000000 -101.000000 0.000000 0.000000
40 1596502625 4.000000 -1.000000 -101.000000 0.000000 0.000000
40 1596502626 4.000000 -1.000000 -101.000000 0.000000 0.000000
40 1596502627 4.000000 -1.000000 -101.000000 0.000000 0.000000
40 1596502628 4.000000 -1.000000 -101.000000 0.000000 0.000000
40 1596502629 4.000000 -1.000000 -101.000000 0.000000 0.000000
40 1596502630 2.600000 -1.000000 -101.000000 0.000000 0.000000
40 1596502631 2.600000 -1.000000 -101.000000 0.000000 0.000000
40 1596502632 2.600000 -1.000000 -101.000000 0.000000 0.000000
40 1596502633 2.600000 -1.000000 -101.000000 0.000000 0.000000
40 1596502634 2.600000 -1.000000 -101.000000 0.000000 0.000000
40 1596502635 1.400000 -1.000000 -101.000000 0.000000 0.000000
40 1596502636 1.400000 -1.000000 -101.000000 0.000000 0.000000
40 1596502637 1.400000 -1.000000 -101.000000 0.000000 0.000000
40 1596502638 1.400000 -1.000000 -101.000000 0.000000 0.000000
40 1596502639 1.400000 -1.000000 -101.000000 0.000000 0.000000
40 1596502640 3.600000 -1.000000 -101.000000 0.000000 0.000000
40 1596502641 3.600000 -1.000000 -101.000000 0.000000 0.000000
40 1596502642 3.600000 -1.000000 -101.000000 0.000000 0.000000
40 1596502643 3.600000 -1.000000 -101.000000 0.000000 0.000000
40 1596502644 3.600000 -1.000000 -101.000000 0.000000 0.000000
40 1596502645 5.400000 -1.000000 -101.000000 0.000000 0.000000
40 1596502646 5.400000 -1.000000 -101.000000 0.000000 0.000000
40 1596502647 5.400000 -1.000000 -101.000000 0.000000 0.000000
40 1596502648 5.400000 -1.000000 -101.000000 0.000000 0.000000
40 1596502649 5.400000 -1.000000 -101.000000 0.000000 0.000000
40 1596502650 6.400000 -1.000000 -101.000000 0.000000 0.000000
40 1596502651 6.400000 -1.000000 -101.000000 0.000000 0.000000
40 1596502652 6.400000 -1.000000 -101.000000 0.000000 0.000000
40 1596502653 6.400000 -1.000000 -101.000000 0.000000 0.000000
40 1596502654 6.400000 -1.000000 -101.000000 0.000000 0.000000
40 1596502655 4.000000 -1.000000 -101.000000 0.000000 0.000000
40 1596502656 4.000000 -1.000000 -101.000000 0.000000 0.000000
40 1596502657 4.000000 -1.000000 -101.000000 0.000000 0.000000
40 1596502658 4.000000 -1.000000 -101.000000 0.000000 0.000000
40 1596502659 4.000000 -1.000000 -101.000000 0.000000 0.000000
40 1596502660 4.400000 -1.000000 -101.000000 0.000000 0.000000
40 1596502661 4.400000 -1.000000 -101.000000 0.000000 0.000000
40 1596502662 4.400000 -1.000000 -101.000000 0.000000 0.000000
40 1596502663 4.400000 -1.000000 -101.000000 0.000000 0.000000
40 1596502664 4.400000 -1.000000 -101.000000 0.000000 0.000000
40 1596502665 6.200000 -1.000000 -101.000000 0.000000 0.000000
40 1596502666 6.200000 -1.000000 -101.000000 0.000000 0.000000
40 1596502667 6.200000 -1.000000 -101.000000 0.000000 0.000000
40 1596502668 6.200000 -1.000000 -101.000000 0.000000 0.000000
40 1596502669 6.200000 -1.000000 -101.000000 0.000000 0.000000
40 1596502670 4.600000 -1.000000 -101.000000 0.000000 0.000000
40 1596502671 4.600000 -1.000000 -101.000000 0.000000 0.000000
40 1596502672 4.600000 -1.000000 -101.000000 0.000000 0.000000
40 1596502673 4.600000 -1.000000 -101.000000 0.000000 0.000000
40 1596502674 4.600000 -1.000000 -101.000000 0.000000 0.000000
40 1596502675 6.600000 -1.000000 -101.000000 0.000000 0.000000
40 1596502676 6.600000 -1.000000 -101.000000 0.000000 0.000000
40 1596502677 6.600000 -1.000000 -101.000000 0.000000 0.000000
40 1596502678 6.600000 -1.000000 -101.000000 0.000000 0.000000
40 1596502679 6.600000 -1.000000 -101.000000 0.000000 0.000000
40 1596502680 5.800000 -1.000000 -101.000000 0.000000 0.000000
40 1596502681 5.800000 -1.000000 -101.000000 0.000000 0.000000
40 1596502682 5.800000 -1.000000 -101.000000 0.000000 0.000000
40 1596502683 5.800000 -1.000000 -101.000000 0.000000 0.000000
40 1596502684 5.800000 -1.000000 -101.000000 0.000000 0.000000
40 1596502685 3.600000 -1.000000 -101.000000 0.000000 0.000000
40 1596502686 3.600000 -1.000000 -101.000000 0.000000 0.000000
40 1596502687 3.600000 -1.000000 -101.000000 0.000000 0.000000
40 1596502688 3.600000 -1.000000 -101.000000 0.000000 0.000000
40 1596502689 3.600000 -1.000000 -101.000000 0.000000 0.000000
40 1596502690 3.800000 -1.000000 -101.000000 0.000000 0.000000
40 1596502691 3.800000 -1.000000 -101.000000 0.000000 0.000000
40 1596502692 3.800000 -1.000000 -101.000000 0.000000 0.000000
40 1596502693 3.800000 -1.000000 -101.000000 0.000000 0.000000
40 1596502694 3.800000 -1.000000 -101.000000 0.000000 0.000000
40 1596502695 3.800000 -1.000000 -101.000000 0.000000 0.000000
40 1596502696 3.800000 -1.000000 -101.000000 0.000000 0.000000
40 1596502697 3.800000 -1.000000 -101.000000 0.000000 0.000000
40 1596502698 3.800000 -1.000000 -101.000000 0.000000 0.000000
40 1596502699 3.800000 -1.000000 -101.000000 0.000000 0.000000
40 1596502700 5.200000 -1.000000 -101.000000 0.000000 0.000000
40 1596502701 5.200000 -1.000000 -101.000000 0.000000 0.000000
40 1596502702 5.200000 -1.000000 -101.000000 0.000000 0.000000
40 1596502703 5.200000 -1.000000 -101.000000 0.000000 0.000000
40 1596502704 5.200000 -1.000000 -101.000000 0.000000 0.000000
40 1596502705 2.600000 -1.000000 -101.000000 0.000000 0.000000
40 1596502706 2.600000 -1.000000 -101.000000 0.000000 0.000000
40 1596502707 2.600000 -1.000000 -101.000000 0.000000 0.000000
40 1596502708 2.600000 -1.000000 -101.000000 0.000000 0.000000
40 1596502709 2.600000 -1.000000 -101.000000 0.000000 0.000000
40 1596502710 4.000000 -1.000000 -101.000000 0.000000 0.000000
40 1596502711 4.000000 -1.000000 -101.000000 0.000000 0.000000
40 1596502712 4.000000 -1.000000 -101.000000 0.000000 0.000000
40 1596502713 4.000000 -1.000000 -101.000000 0.000000 0.000000
40 1596502714 4.000000 -1.000000 -101.000000 0.000000 0.000000
40 1596502715 5.400000 -1.000000 -101.000000 0.000000 0.000000
40 1596502716 5.400000 -1.000000 -101.000000 0.000000 0.000000
40 1596502717 5.400000 -1.000000 -101.000000 0.000000 0.000000
40 1596502718 5.400000 -1.000000 -101.000000 0.000000 0.000000
40 1596502719 5.400000 -1.000000 -101.000000 0.000000 0.000000
40 1596502720 8.200000 -1.000000 -101.000000 0.000000 0.000000
40 1596502721 8.200000 -1.000000 -101.000000 0.000000 0.000000
40 1596502722 8.200000 -1.000000 -101.000000 0.000000 0.000000
40 1596502723 8.200000 -1.000000 -101.000000 0.000000 0.000000
40 1596502724 8.200000 -1.000000 -101.000000 0.000000 0.000000
40 1596502725 4.000000 -1.000000 -101.000000 0.000000 0.000000
40 1596502726 4.000000 -1.000000 -101.000000 0.000000 0.000000
40 1596502727 4.000000 -1.000000 -101.000000 0.000000 0.000000
40 1596502728 4.000000 -1.000000 -101.000000 0.000000 0.000000
40 1596502729 4.000000 -1.000000 -101.000000 0.000000 0.000000
40 1596502730 2.400000 -1.000000 -101.000000 0.000000 0.000000
40 1596502731 2.400000 -1.000000 -101.000000 0.000000 0.000000
40 1596502732 2.400000 -1.000000 -101.000000 0.000000 0.000000
40 1596502733 2.400000 -1.000000 -101.000000 0.000000 0.000000
40 1596502734 2.400000 -1.000000 -101.000000 0.000000 0.000000
40 1596502735 6.000000 -1.000000 -101.000000 0.000000 0.000000
40 1596502736 6.000000 -1.000000 -101.000000 0.000000 0.000000
40 1596502737 6.000000 -1.000000 -101.000000 0.000000 0.000000
40 1596502738 6.000000 -1.000000 -101.000000 0.000000 0.000000
40 1596502739 6.000000 -1.000000 -101.000000 0.000000 0.000000
40 1596502740 3.400000 -1.000000 -101.000000 0.000000 0.000000
40 1596502741 3.400000 -1.000000 -101.000000 0.000000 0.000000
40 1596502742 3.400000 -1.000000 -101.000000 0.000000 0.000000
40 1596502743 3.400000 -1.000000 -101.000000 0.000000 0.000000
40 1596502744 3.400000 -1.000000 -101.000000 0.000000 0.000000
40 1596502745 6.200000 -1.000000 -101.000000 0.000000 0.000000
40 1596502746 6.200000 -1.000000 -101.000000 0.000000 0.000000
40 1596502747 6.200000 -1.000000 -101.000000 0.000000 0.000000
40 1596502748 6.200000 -1.000000 -101.000000 0.000000 0.000000
40 1596502749 6.200000 -1.000000 -101.000000 0.000000 0.000000
40 1596502750 2.800000 -1.000000 -101.000000 0.000000 0.000000
40 1596502751 2.800000 -1.000000 -101.000000 0.000000 0.000000
40 1596502752 2.800000 -1.000000 -101.000000 0.000000 0.000000
40 1596502753 2.800000 -1.000000 -101.000000 0.000000 0.000000
40 1596502754 2.800000 -1.000000 -101.000000 0.000000 0.000000
40 1596502755 6.200000 -1.000000 -101.000000 0.000000 0.000000
40 1596502756 6.200000 -1.000000 -101.000000 0.000000 0.000000
40 1596502757 6.200000 -1.000000 -101.000000 0.000000 0.000000
40 1596502758 6.200000 -1.000000 -101.000000 0.000000 0.000000
40 1596502759 6.200000 -1.000000 -101.000000 0.000000 0.000000
40 1596502760 3.200000 -1.000000 -101.000000 0.000000 0.000000
40 1596502761 3.200000 -1.000000 -101.000000 0.000000 0.000000
40 1596502762 3.200000 -1.000000 -101.000000 0.000000 0.000000
40 1596502763 3.200000 -1.000000 -101.000000 0.000000 0.000000
40 1596502764 3.200000 -1.000000 -101.000000 0.000000 0.000000
40 1596502765 3.600000 -1.000000 -101.000000 0.000000 0.000000
40 1596502766 3.600000 -1.000000 -101.000000 0.000000 0.000000
40 1596502767 3.600000 -1.000000 -101.000000 0.000000 0.000000
40 1596502768 3.600000 -1.000000 -101.000000 0.000000 0.000000
40 1596502769 3.600000 -1.000000 -101.000000 0.000000 0.000000
40 1596502770 1.400000 -1.000000 -101.000000 0.000000 0.000000
40 1596502771 1.400000 -1.000000 -101.000000 0.000000 0.000000
40 1596502772 1.400000 -1.000000 -101.000000 0.000000 0.000000
40 1596502773 1.400000 -1.000000 -101.000000 0.000000 0.000000
40 1596502774 1.400000 -1.000000 -101.000000 0.000000 0.000000
40 1596502775 2.800000 -1.000000 -101.000000 0.000000 0.000000
40 1596502776 2.800000 -1.000000 -101.000000 0.000000 0.000000
40 1596502777 2.800000 -1.000000 -101.000000 0.000000 0.000000
40 1596502778 2.800000 -1.000000 -101.000000 0.000000 0.000000
40 1596502779 2.800000 -1.000000 -101.000000 0.000000 0.000000
40 1596502780 5.000000 -1.000000 -101.000000 0.000000 0.000000
40 1596502781 5.000000 -1.000000 -101.000000 0.000000 0.000000
40 1596502782 5.000000 -1.000000 -101.000000 0.000000 0.000000
40 1596502783 5.000000 -1.000000 -101.000000 0.000000 0.000000
40 1596502784 5.000000 -1.000000 -101.000000 0.000000 0.000000
40 1596502785 5.200000 -1.000000 -101.000000 0.000000 0.000000
40 1596502786 5.200000 -1.000000 -101.000000 0.000000 0.000000
40 1596502787 5.200000 -1.000000 -101.000000 0.000000 0.000000
40 1596502788 5.200000 -1.000000 -101.000000 0.000000 0.000000
40 1596502789 5.200000 -1.000000 -101.000000 0.000000 0.000000
40 1596502790 6.600000 -1.000000 -101.000000 0.000000 0.000000
40 1596502791 6.600000 -1.000000 -101.000000 0.000000 0.000000
40 1596502792 6.600000 -1.000000 -101.000000 0.000000 0.000000
40 1596502793 6.600000 -1.000000 -101.000000 0.000000 0.000000
40 1596502794 6.600000 -1.000000 -101.000000 0.000000 0.000000
40 1596502795 3.200000 -1.000000 -101.000000 0.000000 0.000000
40 1596502796 3.200000 -1.000000 -101.000000 0.000000 0.000000
40 1596502797 3.200000 -1.000000 -101.000000 0.000000 0.000000
40 1596502798 3.200000 -1.000000 -101.000000 0.000000 0.000000
40 1596502799 3.200000 -1.000000 -101.000000 0.000000 0.000000
40 1596502800 1.600000 -1.000000 -101.000000 0.000000 0.000000
40 1596502801 1.600000 -1.000000 -101.000000 0.000000 0.000000
40 1596502802 1.600000 -1.000000 -101.000000 0.000000 0.000000
40 1596502803 1.600000 -1.000000 -101.000000 0.000000 0.000000
40 1596502804 1.600000 -1.000000 -101.000000 0.000000 0.000000
40 1596502805 5.000000 -1.000000 -101.000000 0.000000 0.000000
40 1596502806 5.000000 -1.000000 -101.000000 0.000000 0.000000
40 1596502807 5.000000 -1.000000 -101.000000 0.000000 0.000000
40 1596502808 5.000000 -1.000000 -101.000000 0.000000 0.000000
40 1596502809 5.000000 -1.000000 -101.000000 0.000000 0.000000
40 1596502810 4.000000 -1.000000 -101.000000 0.000000 0.000000
40 1596502811 4.000000 -1.000000 -101.000000 0.000000 0.000000
40 1596502812 4.000000 -1.000000 -101.000000 0.000000 0.000000
40 1596502813 4.000000 -1.000000 -101.000000 0.000000 0.000000
40 1596502814 4.000000 -1.000000 -101.000000 0.000000 0.000000
40 1596502815 7.000000 -1.000000 -101.000000 0.000000 0.000000
40 1596502816 7.000000 -1.000000 -101.000000 0.000000 0.000000
40 1596502817 7.000000 -1.000000 -101.000000 0.000000 0.000000
40 1596502818 7.000000 -1.000000 -101.000000 0.000000 0.000000
40 1596502819 7.000000 -1.000000 -101.000000 0.000000 0.000000
40 1596502820 4.200000 -1.000000 -101.000000 0.000000 0.000000
40 1596502821 4.200000 -1.000000 -101.000000 0.000000 0.000000
40 1596502822 4.200000 -1.000000 -101.000000 0.000000 0.000000
40 1596502823 4.200000 -1.000000 -101.000000 0.000000 0.000000
40 1596502824 4.200000 -1.000000 -101.000000 0.000000 0.000000
40 1596502825 6.000000 -1.000000 -101.000000 0.000000 0.000000
40 1596502826 6.000000 -1.000000 -101.000000 0.000000 0.000000
40 1596502827 6.000000 -1.000000 -101.000000 0.000000 0.000000
40 1596502828 6.000000 -1.000000 -101.000000 0.000000 0.000000
40 1596502829 6.000000 -1.000000 -101.000000 0.000000 0.000000
40 1596502830 4.200000 -1.000000 -101.000000 0.000000 0.000000
40 1596502831 4.200000 -1.000000 -101.000000 0.000000 0.000000
40 1596502832 4.200000 -1.000000 -101.000000 0.000000 0.000000
40 1596502833 4.200000 -1.000000 -101.000000 0.000000 0.000000
40 1596502834 4.200000 -1.000000 -101.000000 0.000000 0.000000
40 1596502835 5.800000 -1.000000 -101.000000 0.000000 0.000000
40 1596502836 5.800000 -1.000000 -101.000000 0.000000 0.000000
40 1596502837 5.800000 -1.000000 -101.000000 0.000000 0.000000
40 1596502838 5.800000 -1.000000 -101.000000 0.000000 0.000000
40 1596502839 5.800000 -1.000000 -101.000000 0.000000 0.000000
40 1596502840 2.600000 -1.000000 -101.000000 0.000000 0.000000
40 1596502841 2.600000 -1.000000 -101.000000 0.000000 0.000000
40 1596502842 2.600000 -1.000000 -101.000000 0.000000 0.000000
40 1596502843 2.600000 -1.000000 -101.000000 0.000000 0.000000
40 1596502844 2.600000 -1.000000 -101.000000 0.000000 0.000000
40 1596502845 2.600000 -1.000000 -101.000000 0.000000 0.000000
40 1596502846 2.600000 -1.000000 -101.000000 0.000000 0.000000
40 1596502847 2.600000 -1.000000 -101.000000 0.000000 0.000000
40 1596502848 2.600000 -1.000000 -101.000000 0.000000 0.000000
40 1596502849 2.600000 -1.000000 -101.000000 0.000000 0.000000
40 1596502850 7.000000 -1.000000 -101.000000 0.000000 0.000000
40 1596502851 7.000000 -1.000000 -101.000000 0.000000 0.000000
40 1596502852 7.000000 -1.000000 -101.000000 0.000000 0.000000
40 1596502853 7.000000 -1.000000 -101.000000 0.000000 0.000000
40 1596502854 7.000000 -1.000000 -101.000000 0.000000 0.000000
40 1596502855 5.200000 -1.000000 -101.000000 0.000000 0.000000
40 1596502856 5.200000 -1.000000 -101.000000 0.000000 0.000000
40 1596502857 5.200000 -1.000000 -101.000000 0.000000 0.000000
40 1596502858 5.200000 -1.000000 -101.000000 0.000000 0.000000
40 1596502859 5.200000 -1.000000 -101.000000 0.000000 0.000000
40 1596502860 5.800000 -1.000000 -101.000000 0.000000 0.000000
40 1596502861 5.800000 -1.000000 -101.000000 0.000000 0.000000
40 1596502862 5.800000 -1.000000 -101.000000 0.000000 0.000000
40 1596502863 5.800000 -1.000000 -101.000000 0.000000 0.000000
40 1596502864 5.800000 -1.000000 -101.000000 0.000000 0.000000
40 1596502865 1.800000 -1.000000 -101.000000 0.000000 0.000000
40 1596502866 1.800000 -1.000000 -101.000000 0.000000 0.000000
40 1596502867 1.800000 -1.000000 -101.000000 0.000000 0.000000
40 1596502868 1.800000 -1.000000 -101.000000 0.000000 0.000000
40 1596502869 1.800000 -1.000000 -101.000000 0.000000 0.000000
40 1596502870 4.400000 -1.000000 -101.000000 0.000000 0.000000
40 1596502871 4.400000 -1.000000 -101.000000 0.000000 0.000000
40 1596502872 4.400000 -1.000000 -101.000000 0.000000 0.000000
40 1596502873 4.400000 -1.000000 -101.000000 0.000000 0.000000
40 1596502874 4.400000 -1.000000 -101.000000 0.000000 0.000000
40 1596502875 3.200000 -1.000000 -101.000000 0.000000 0.000000
40 1596502876 3.200000 -1.000000 -101.000000 0.000000 0.000000
40 1596502877 3.200000 -1.000000 -101.000000 0.000000 0.000000
40 1596502878 3.200000 -1.000000 -101.000000 0.000000 0.000000
40 1596502879 3.200000 -1.000000 -101.000000 0.000000 0.000000
40 1596502880 2.400000 -1.000000 -101.000000 0.000000 0.000000
40 1596502881 2.400000 -1.000000 -101.000000 0.000000 0.000000
40 1596502882 2.400000 -1.000000 -101.000000 0.000000 0.000000
40 1596502883 2.400000 -1.000000 -101.000000 0.000000 0.000000
40 1596502884 2.400000 -1.000000 -101.000000 0.000000 0.000000
40 1596502885 4.400000 -1.000000 -101.000000 0.000000 0.000000
40 1596502886 4.400000 -1.000000 -101.000000 0.000000 0.000000
40 1596502887 4.400000 -1.000000 -101.000000 0.000000 0.000000
40 1596502888 4.400000 -1.000000 -101.000000 0.000000 0.000000
40 1596502889 4.400000 -1.000000 -101.000000 0.000000 0.000000
40 1596502890 5.400000 -1.000000 -101.000000 0.000000 0.000000
40 1596502891 5.400000 -1.000000 -101.000000 0.000000 0.000000
40 1596502892 5.400000 -1.000000 -101.000000 0.000000 0.000000
40 1596502893 5.400000 -1.000000 -101.000000 0.000000 0.000000
40 1596502894 5.400000 -1.000000 -101.000000 0.000000 0.000000
40 1596502895 6.000000 -1.000000 -101.000000 0.000000 0.000000
40 1596502896 6.000000 -1.000000 -101.000000 0.000000 0.000000
40 1596502897 6.000000 -1.000000 -101.000000 0.000000 0.000000
40 1596502898 6.000000 -1.000000 -101.000000 0.000000 0.000000
40 1596502899 6.000000 -1.000000 -101.000000 0.000000 0.000000
40 1596502900 1.400000 -1.000000 -101.000000 0.000000 0.000000
40 1596502901 1.400000 -1.000000 -101.000000 0.000000 0.000000
40 1596502902 1.400000 -1.000000 -101.000000 0.000000 0.000000
40 1596502903 1.400000 -1.000000 -101.000000 0.000000 0.000000
40 1596502904 1.400000 -1.000000 -101.000000 0.000000 0.000000
40 1596502905 4.400000 -1.000000 -101.000000 0.000000 0.000000
40 1596502906 4.400000 -1.000000 -101.000000 0.000000 0.000000
40 1596502907 4.400000 -1.000000 -101.000000 0.000000 0.000000
40 1596502908 4.400000 -1.000000 -101.000000 0.000000 0.000000
40 1596502909 4.400000 -1.000000 -101.000000 0.000000 0.000000
40 1596502910 3.200000 -1.000000 -101.000000 0.000000 0.000000
40 1596502911 3.200000 -1.000000 -101.000000 0.000000 0.000000
40 1596502912 3.200000 -1.000000 -101.000000 0.000000 0.000000
40 1596502913 3.200000 -1.000000 -101.000000 0.000000 0.000000
40 1596502914 3.200000 -1.000000 -101.000000 0.000000 0.000000
40 1596502915 4.800000 -1.000000 -101.000000 0.000000 0.000000
40 1596502916 4.800000 -1.000000 -101.000000 0.000000 0.000000
40 1596502917 4.800000 -1.000000 -101.000000 0.000000 0.000000
40 1596502918 4.800000 -1.000000 -101.000000 0.000000 0.000000
40 1596502919 4.800000 -1.000000 -101.000000 0.000000 0.000000
40 1596502920 5.600000 -1.000000 -101.000000 0.000000 0.000000
40 1596502921 5.600000 -1.000000 -101.000000 0.000000 0.000000
40 1596502922 5.600000 -1.000000 -101.000000 0.000000 0.000000
40 1596502923 5.600000 -1.000000 -101.000000 0.000000 0.000000
40 1596502924 5.600000 -1.000000 -101.000000 0.000000 0.000000
40 1596502925 10.400000 -1.000000 -101.000000 0.000000 0.000000
40 1596502926 10.400000 -1.000000 -101.000000 0.000000 0.000000
40 1596502927 10.400000 -1.000000 -101.000000 0.000000 0.000000
40 1596502928 10.400000 -1.000000 -101.000000 0.000000 0.000000
40 1596502929 10.400000 -1.000000 -101.000000 0.000000 0.000000
40 1596502930 6.600000 -1.000000 -101.000000 0.000000 0.000000
40 1596502931 6.600000 -1.000000 -101.000000 0.000000 0.000000
40 1596502932 6.600000 -1.000000 -101.000000 0.000000 0.000000
40 1596502933 6.600000 -1.000000 -101.000000 0.000000 0.000000
40 1596502934 6.600000 -1.000000 -101.000000 0.000000 0.000000
40 1596502935 5.200000 -1.000000 -101.000000 0.000000 0.000000
40 1596502936 5.200000 -1.000000 -101.000000 0.000000 0.000000
40 1596502937 5.200000 -1.000000 -101.000000 0.000000 0.000000
40 1596502938 5.200000 -1.000000 -101.000000 0.000000 0.000000
40 1596502939 5.200000 -1.000000 -101.000000 0.000000 0.000000
40 1596502940 3.600000 -1.000000 -101.000000 0.000000 0.000000
40 1596502941 3.600000 -1.000000 -101.000000 0.000000 0.000000
40 1596502942 3.600000 -1.000000 -101.000000 0.000000 0.000000
40 1596502943 3.600000 -1.000000 -101.000000 0.000000 0.000000
40 1596502944 3.600000 -1.000000 -101.000000 0.000000 0.000000
40 1596502945 5.800000 -1.000000 -101.000000 0.000000 0.000000
40 1596502946 5.800000 -1.000000 -101.000000 0.000000 0.000000
40 1596502947 5.800000 -1.000000 -101.000000 0.000000 0.000000
40 1596502948 5.800000 -1.000000 -101.000000 0.000000 0.000000
40 1596502949 5.800000 -1.000000 -101.000000 0.000000 0.000000
40 1596502950 3.600000 -1.000000 -101.000000 0.000000 0.000000
40 1596502951 3.600000 -1.000000 -101.000000 0.000000 0.000000
40 1596502952 3.600000 -1.000000 -101.000000 0.000000 0.000000
40 1596502953 3.600000 -1.000000 -101.000000 0.000000 0.000000
40 1596502954 3.600000 -1.000000 -101.000000 0.000000 0.000000
40 1596502955 4.200000 -1.000000 -101.000000 0.000000 0.000000
40 1596502956 4.200000 -1.000000 -101.000000 0.000000 0.000000
40 1596502957 4.200000 -1.000000 -101.000000 0.000000 0.000000
40 1596502958 4.200000 -1.000000 -101.000000 0.000000 0.000000
40 1596502959 4.200000 -1.000000 -101.000000 0.000000 0.000000
40 1596502960 2.600000 -1.000000 -101.000000 0.000000 0.000000
40 1596502961 2.600000 -1.000000 -101.000000 0.000000 0.000000
40 1596502962 2.600000 -1.000000 -101.000000 0.000000 0.000000
40 1596502963 2.600000 -1.000000 -101.000000 0.000000 0.000000
40 1596502964 2.600000 -1.000000 -101.000000 0.000000 0.000000
40 1596502965 6.600000 -1.000000 -101.000000 0.000000 0.000000
40 1596502966 6.600000 -1.000000 -101.000000 0.000000 0.000000
40 1596502967 6.600000 -1.000000 -101.000000 0.000000 0.000000
40 1596502968 6.600000 -1.000000 -101.000000 0.000000 0.000000
40 1596502969 6.600000 -1.000000 -101.000000 0.000000 0.000000
40 1596502970 2.400000 -1.000000 -101.000000 0.000000 0.000000
40 1596502971 2.400000 -1.000000 -101.000000 0.000000 0.000000
40 1596502972 2.400000 -1.000000 -101.000000 0.000000 0.000000
40 1596502973 2.400000 -1.000000 -101.000000 0.000000 0.000000
40 1596502974 2.400000 -1.000000 -101.000000 0.000000 0.000000
40 1596502975 1.200000 -1.000000 -101.000000 0.000000 0.000000
40 1596502976 1.200000 -1.000000 -101.000000 0.000000 0.000000
40 1596502977 1.200000 -1.000000 -101.000000 0.000000 0.000000
40 1596502978 1.200000 -1.000000 -101.000000 0.000000 0.000000
40 1596502979 1.200000 -1.000000 -101.000000 0.000000 0.000000
40 1596502980 0.200000 -1.000000 -101.000000 0.000000 0.000000
40 1596502981 0.200000 -1.000000 -101.000000 0.000000 0.000000
40 1596502982 0.200000 -1.000000 -101.000000 0.000000 0.000000
40 1596502983 0.200000 -1.000000 -101.000000 0.000000 0.000000
40 1596502984 0.200000 -1.000000 -101.000000 0.000000 0.000000
40 1596502985 4.200000 -1.000000 -101.000000 0.000000 0.000000
40 1596502986 4.200000 -1.000000 -101.000000 0.000000 0.000000
40 1596502987 4.200000 -1.000000 -101.000000 0.000000 0.000000
40 1596502988 4.200000 -1.000000 -101.000000 0.000000 0.000000
40 1596502989 4.200000 -1.000000 -101.000000 0.000000 0.000000
40 1596502990 4.400000 -1.000000 -101.000000 0.000000 0.000000
40 1596502991 4.400000 -1.000000 -101.000000 0.000000 0.000000
40 1596502992 4.400000 -1.000000 -101.000000 0.000000 0.000000
40 1596502993 4.400000 -1.000000 -101.000000 0.000000 0.000000
40 1596502994 4.400000 -1.000000 -101.000000 0.000000 0.000000
40 1596502995 5.400000 -1.000000 -101.000000 0.000000 0.000000
40 1596502996 5.400000 -1.000000 -101.000000 0.000000 0.000000
40 1596502997 5.400000 -1.000000 -101.000000 0.000000 0.000000
40 1596502998 5.400000 -1.000000 -101.000000 0.000000 0.000000
40 1596502999 5.400000 -1.000000 -101.000000 0.000000 0.000000
40 1596503000 5.200000 -1.000000 -101.000000 0.000000 0.000000
40 1596503001 5.200000 -1.000000 -101.000000 0.000000 0.000000
40 1596503002 5.200000 -1.000000 -101.000000 0.000000 0.000000
40 1596503003 5.200000 -1.000000 -101.000000 0.000000 0.000000
40 1596503004 5.200000 -1.000000 -101.000000 0.000000 0.000000
40 1596503005 7.200000 -1.000000 -101.000000 0.000000 0.000000
40 1596503006 7.200000 -1.000000 -101.000000 0.000000 0.000000
40 1596503007 7.200000 -1.000000 -101.000000 0.000000 0.000000
40 1596503008 7.200000 -1.000000 -101.000000 0.000000 0.000000
40 1596503009 7.200000 -1.000000 -101.000000 0.000000 0.000000
40 1596503010 6.200000 -1.000000 -101.000000 0.000000 0.000000
40 1596503011 6.200000 -1.000000 -101.000000 0.000000 0.000000
40 1596503012 6.200000 -1.000000 -101.000000 0.000000 0.000000
40 1596503013 6.200000 -1.000000 -101.000000 0.000000 0.000000
40 1596503014 6.200000 -1.000000 -101.000000 0.000000 0.000000
40 1596503015 3.000000 -1.000000 -101.000000 0.000000 0.000000
40 1596503016 3.000000 -1.000000 -101.000000 0.000000 0.000000
40 1596503017 3.000000 -1.000000 -101.000000 0.000000 0.000000
40 1596503018 3.000000 -1.000000 -101.000000 0.000000 0.000000
40 1596503019 3.000000 -1.000000 -101.000000 0.000000 0.000000
40 1596503020 4.400000 -1.000000 -101.000000 0.000000 0.000000
40 1596503021 4.400000 -1.000000 -101.000000 0.000000 0.000000
40 1596503022 4.400000 -1.000000 -101.000000 0.000000 0.000000
40 1596503023 4.400000 -1.000000 -101.000000 0.000000 0.000000
40 1596503024 4.400000 -1.000000 -101.000000 0.000000 0.000000
40 1596503025 5.000000 -1.000000 -101.000000 0.000000 0.000000
40 1596503026 5.000000 -1.000000 -101.000000 0.000000 0.000000
40 1596503027 5.000000 -1.000000 -101.000000 0.000000 0.000000
40 1596503028 5.000000 -1.000000 -101.000000 0.000000 0.000000
40 1596503029 5.000000 -1.000000 -101.000000 0.000000 0.000000
40 1596503030 6.600000 -1.000000 -101.000000 0.000000 0.000000
40 1596503031 6.600000 -1.000000 -101.000000 0.000000 0.000000
40 1596503032 6.600000 -1.000000 -101.000000 0.000000 0.000000
40 1596503033 6.600000 -1.000000 -101.000000 0.000000 0.000000
40 1596503034 6.600000 -1.000000 -101.000000 0.000000 0.000000
40 1596503035 6.800000 -1.000000 -101.000000 0.000000 0.000000
40 1596503036 6.800000 -1.000000 -101.000000 0.000000 0.000000
40 1596503037 6.800000 -1.000000 -101.000000 0.000000 0.000000
40 1596503038 6.800000 -1.000000 -101.000000 0.000000 0.000000
40 1596503039 6.800000 -1.000000 -101.000000 0.000000 0.000000
40 1596503040 5.400000 -1.000000 -101.000000 0.000000 0.000000
40 1596503041 5.400000 -1.000000 -101.000000 0.000000 0.000000
40 1596503042 5.400000 -1.000000 -101.000000 0.000000 0.000000
40 1596503043 5.400000 -1.000000 -101.000000 0.000000 0.000000
40 1596503044 5.400000 -1.000000 -101.000000 0.000000 0.000000
40 1596503045 2.800000 -1.000000 -101.000000 0.000000 0.000000
40 1596503046 2.800000 -1.000000 -101.000000 0.000000 0.000000
40 1596503047 2.800000 -1.000000 -101.000000 0.000000 0.000000
40 1596503048 2.800000 -1.000000 -101.000000 0.000000 0.000000
40 1596503049 2.800000 -1.000000 -101.000000 0.000000 0.000000
40 1596503050 1.800000 -1.000000 -101.000000 0.000000 0.000000
40 1596503051 1.800000 -1.000000 -101.000000 0.000000 0.000000
40 1596503052 1.800000 -1.000000 -101.000000 0.000000 0.000000
40 1596503053 1.800000 -1.000000 -101.000000 0.000000 0.000000
40 1596503054 1.800000 -1.000000 -101.000000 0.000000 0.000000
40 1596503055 3.000000 -1.000000 -101.000000 0.000000 0.000000
40 1596503056 3.000000 -1.000000 -101.000000 0.000000 0.000000
40 1596503057 3.000000 -1.000000 -101.000000 0.000000 0.000000
40 1596503058 3.000000 -1.000000 -101.000000 0.000000 0.000000
40 1596503059 3.000000 -1.000000 -101.000000 0.000000 0.000000
40 1596503060 6.200000 -1.000000 -101.000000 0.000000 0.000000
40 1596503061 6.200000 -1.000000 -101.000000 0.000000 0.000000
40 1596503062 6.200000 -1.000000 -101.000000 0.000000 0.000000
40 1596503063 6.200000 -1.000000 -101.000000 0.000000 0.000000
40 1596503064 6.200000 -1.000000 -101.000000 0.000000 0.000000
40 1596503065 4.600000 -1.000000 -101.000000 0.000000 0.000000
40 1596503066 4.600000 -1.000000 -101.000000 0.000000 0.000000
40 1596503067 4.600000 -1.000000 -101.000000 0.000000 0.000000
40 1596503068 4.600000 -1.000000 -101.000000 0.000000 0.000000
40 1596503069 4.600000 -1.000000 -101.000000 0.000000 0.000000
40 1596503070 5.000000 -1.000000 -101.000000 0.000000 0.000000
40 1596503071 5.000000 -1.000000 -101.000000 0.000000 0.000000
40 1596503072 5.000000 -1.000000 -101.000000 0.000000 0.000000
40 1596503073 5.000000 -1.000000 -101.000000 0.000000 0.000000
40 1596503074 5.000000 -1.000000 -101.000000 0.000000 0.000000
40 1596503075 4.200000 -1.000000 -101.000000 0.000000 0.000000
40 1596503076 4.200000 -1.000000 -101.000000 0.000000 0.000000
40 1596503077 4.200000 -1.000000 -101.000000 0.000000 0.000000
40 1596503078 4.200000 -1.000000 -101.000000 0.000000 0.000000
40 1596503079 4.200000 -1.000000 -101.000000 0.000000 0.000000
40 1596503080 4.600000 -1.000000 -101.000000 0.000000 0.000000
40 1596503081 4.600000 -1.000000 -101.000000 0.000000 0.000000
40 1596503082 4.600000 -1.000000 -101.000000 0.000000 0.000000
40 1596503083 4.600000 -1.000000 -101.000000 0.000000 0.000000
40 1596503084 4.600000 -1.000000 -101.000000 0.000000 0.000000
40 1596503085 2.800000 -1.000000 -101.000000 0.000000 0.000000
40 1596503086 2.800000 -1.000000 -101.000000 0.000000 0.000000
40 1596503087 2.800000 -1.000000 -101.000000 0.000000 0.000000
40 1596503088 2.800000 -1.000000 -101.000000 0.000000 0.000000
40 1596503089 2.800000 -1.000000 -101.000000 0.000000 0.000000
40 1596503090 2.400000 -1.000000 -101.000000 0.000000 0.000000
40 1596503091 2.400000 -1.000000 -101.000000 0.000000 0.000000
40 1596503092 2.400000 -1.000000 -101.000000 0.000000 0.000000
40 1596503093 2.400000 -1.000000 -101.000000 0.000000 0.000000
40 1596503094 2.400000 -1.000000 -101.000000 0.000000 0.000000
40 1596503095 3.600000 -1.000000 -101.000000 0.000000 0.000000
40 1596503096 3.600000 -1.000000 -101.000000 0.000000 0.000000
40 1596503097 3.600000 -1.000000 -101.000000 0.000000 0.000000
40 1596503098 3.600000 -1.000000 -101.000000 0.000000 0.000000
40 1596503099 3.600000 -1.000000 -101.000000 0.000000 0.000000
40 1596503100 5.800000 -1.000000 -101.000000 0.000000 0.000000
40 1596503101 5.800000 -1.000000 -101.000000 0.000000 0.000000
40 1596503102 5.800000 -1.000000 -101.000000 0.000000 0.000000
40 1596503103 5.800000 -1.000000 -101.000000 0.000000 0.000000
40 1596503104 5.800000 -1.000000 -101.000000 0.000000 0.000000
40 1596503105 5.600000 -1.000000 -101.000000 0.000000 0.000000
40 1596503106 5.600000 -1.000000 -101.000000 0.000000 0.000000
40 1596503107 5.600000 -1.000000 -101.000000 0.000000 0.000000
40 1596503108 5.600000 -1.000000 -101.000000 0.000000 0.000000
40 1596503109 5.600000 -1.000000 -101.000000 0.000000 0.000000
40 1596503110 2.400000 -1.000000 -101.000000 0.000000 0.000000
40 1596503111 2.400000 -1.000000 -101.000000 0.000000 0.000000
40 1596503112 2.400000 -1.000000 -101.000000 0.000000 0.000000
40 1596503113 2.400000 -1.000000 -101.000000 0.000000 0.000000
40 1596503114 2.400000 -1.000000 -101.000000 0.000000 0.000000
40 1596503115 3.600000 -1.000000 -101.000000 0.000000 0.000000
40 1596503116 3.600000 -1.000000 -101.000000 0.000000 0.000000
40 1596503117 3.600000 -1.000000 -101.000000 0.000000 0.000000
40 1596503118 3.600000 -1.000000 -101.000000 0.000000 0.000000
40 1596503119 3.600000 -1.000000 -101.000000 0.000000 0.000000
40 1596503120 5.800000 -1.000000 -101.000000 0.000000 0.000000
40 1596503121 5.800000 -1.000000 -101.000000 0.000000 0.000000
40 1596503122 5.800000 -1.000000 -101.000000 0.000000 0.000000
40 1596503123 5.800000 -1.000000 -101.000000 0.000000 0.000000
40 1596503124 5.800000 -1.000000 -101.000000 0.000000 0.000000
40 1596503125 5.000000 -1.000000 -101.000000 0.000000 0.000000
40 1596503126 5.000000 -1.000000 -101.000000 0.000000 0.000000
40 1596503127 5.000000 -1.000000 -101.000000 0.000000 0.000000
40 1596503128 5.000000 -1.000000 -101.000000 0.000000 0.000000
40 1596503129 5.000000 -1.000000 -101.000000 0.000000 0.000000
40 1596503130 4.400000 -1.000000 -101.000000 0.000000 0.000000
40 1596503131 4.400000 -1.000000 -101.000000 0.000000 0.000000
40 1596503132 4.400000 -1.000000 -101.000000 0.000000 0.000000
40 1596503133 4.400000 -1.000000 -101.000000 0.000000 0.000000
40 1596503134 4.400000 -1.000000 -101.000000 0.000000 0.000000
40 1596503135 6.400000 -1.000000 -101.000000 0.000000 0.000000
40 1596503136 6.400000 -1.000000 -101.000000 0.000000 0.000000
40 1596503137 6.400000 -1.000000 -101.000000 0.000000 0.000000
40 1596503138 6.400000 -1.000000 -101.000000 0.000000 0.000000
40 1596503139 6.400000 -1.000000 -101.000000 0.000000 0.000000
40 1596503140 5.200000 -1.000000 -101.000000 0.000000 0.000000
40 1596503141 5.200000 -1.000000 -101.000000 0.000000 0.000000
40 1596503142 5.200000 -1.000000 -101.000000 0.000000 0.000000
40 1596503143 5.200000 -1.000000 -101.000000 0.000000 0.000000
40 1596503144 5.200000 -1.000000 -101.000000 0.000000 0.000000
40 1596503145 6.000000 -1.000000 -101.000000 0.000000 0.000000
40 1596503146 6.000000 -1.000000 -101.000000 0.000000 0.000000
40 1596503147 6.000000 -1.000000 -101.000000 0.000000 0.000000
40 1596503148 6.000000 -1.000000 -101.000000 0.000000 0.000000
40 1596503149 6.000000 -1.000000 -101.000000 0.000000 0.000000
40 1596503150 4.200000 -1.000000 -101.000000 0.000000 0.000000
40 1596503151 4.200000 -1.000000 -101.000000 0.000000 0.000000
40 1596503152 4.200000 -1.000000 -101.000000 0.000000 0.000000
40 1596503153 4.200000 -1.000000 -101.000000 0.000000 0.000000
40 1596503154 4.200000 -1.000000 -101.000000 0.000000 0.000000
40 1596503155 4.400000 -1.000000 -101.000000 0.000000 0.000000
40 1596503156 4.400000 -1.000000 -101.000000 0.000000 0.000000
40 1596503157 4.400000 -1.000000 -101.000000 0.000000 0.000000
40 1596503158 4.400000 -1.000000 -101.000000 0.000000 0.000000
40 1596503159 4.400000 -1.000000 -101.000000 0.000000 0.000000
40 1596503160 3.600000 -1.000000 -101.000000 0.000000 0.000000
40 1596503161 3.600000 -1.000000 -101.000000 0.000000 0.000000
40 1596503162 3.600000 -1.000000 -101.000000 0.000000 0.000000
40 1596503163 3.600000 -1.000000 -101.000000 0.000000 0.000000
40 1596503164 3.600000 -1.000000 -101.000000 0.000000 0.000000
40 1596503165 5.600000 -1.000000 -101.000000 0.000000 0.000000
40 1596503166 5.600000 -1.000000 -101.000000 0.000000 0.000000
40 1596503167 5.600000 -1.000000 -101.000000 0.000000 0.000000
40 1596503168 5.600000 -1.000000 -101.000000 0.000000 0.000000
40 1596503169 5.600000 -1.000000 -101.000000 0.000000 0.000000
40 1596503170 5.200000 -1.000000 -101.000000 0.000000 0.000000
40 1596503171 5.200000 -1.000000 -101.000000 0.000000 0.000000
40 1596503172 5.200000 -1.000000 -101.000000 0.000000 0.000000
40 1596503173 5.200000 -1.000000 -101.000000 0.000000 0.000000
40 1596503174 5.200000 -1.000000 -101.000000 0.000000 0.000000
40 1596503175 6.400000 -1.000000 -101.000000 0.000000 0.000000
40 1596503176 6.400000 -1.000000 -101.000000 0.000000 0.000000
40 1596503177 6.400000 -1.000000 -101.000000 0.000000 0.000000
40 1596503178 6.400000 -1.000000 -101.000000 0.000000 0.000000
40 1596503179 6.400000 -1.000000 -101.000000 0.000000 0.000000
40 1596503180 1.600000 -1.000000 -101.000000 0.000000 0.000000
40 1596503181 1.600000 -1.000000 -101.000000 0.000000 0.000000
40 1596503182 1.600000 -1.000000 -101.000000 0.000000 0.000000
40 1596503183 1.600000 -1.000000 -101.000000 0.000000 0.000000
40 1596503184 1.600000 -1.000000 -101.000000 0.000000 0.000000
40 1596503185 2.400000 -1.000000 -101.000000 0.000000 0.000000
40 1596503186 2.400000 -1.000000 -101.000000 0.000000 0.000000
40 1596503187 2.400000 -1.000000 -101.000000 0.000000 0.000000
40 1596503188 2.400000 -1.000000 -101.000000 0.000000 0.000000
40 1596503189 2.400000 -1.000000 -101.000000 0.000000 0.000000
40 1596503190 4.600000 -1.000000 -101.000000 0.000000 0.000000
40 1596503191 4.600000 -1.000000 -101.000000 0.000000 0.000000
40 1596503192 4.600000 -1.000000 -101.000000 0.000000 0.000000
40 1596503193 4.600000 -1.000000 -101.000000 0.000000 0.000000
40 1596503194 4.600000 -1.000000 -101.000000 0.000000 0.000000
40 1596503195 4.800000 -1.000000 -101.000000 0.000000 0.000000
40 1596503196 4.800000 -1.000000 -101.000000 0.000000 0.000000
40 1596503197 4.800000 -1.000000 -101.000000 0.000000 0.000000
40 1596503198 4.800000 -1.000000 -101.000000 0.000000 0.000000
40 1596503199 4.800000 -1.000000 -101.000000 0.000000 0.000000
40 1596503200 4.000000 -1.000000 -101.000000 0.000000 0.000000
40 1596503201 4.000000 -1.000000 -101.000000 0.000000 0.000000
40 1596503202 4.000000 -1.000000 -101.000000 0.000000 0.000000
40 1596503203 4.000000 -1.000000 -101.000000 0.000000 0.000000
40 1596503204 4.000000 -1.000000 -101.000000 0.000000 0.000000
40 1596503205 5.000000 -1.000000 -101.000000 0.000000 0.000000
40 1596503206 5.000000 -1.000000 -101.000000 0.000000 0.000000
40 1596503207 5.000000 -1.000000 -101.000000 0.000000 0.000000
40 1596503208 5.000000 -1.000000 -101.000000 0.000000 0.000000
40 1596503209 5.000000 -1.000000 -101.000000 0.000000 0.000000
40 1596503210 6.800000 -1.000000 -101.000000 0.000000 0.000000
40 1596503211 6.800000 -1.000000 -101.000000 0.000000 0.000000
40 1596503212 6.800000 -1.000000 -101.000000 0.000000 0.000000
40 1596503274 7.600000 -1.000000 7.600000 7.600000 11.552000
40 1596503273 7.600000 -1.000000 7.600000 7.600000 11.552000
40 1596503272 7.600000 -1.000000 7.600000 7.600000 11.552000
40 1596503271 7.600000 -1.000000 7.600000 7.600000 11.552000
40 1596503270 7.600000 -1.000000 7.600000 7.600000 11.552000
40 1596503269 3.800000 -1.000000 3.800000 3.800000 2.888000
40 1596503268 3.800000 -1.000000 3.800000 3.800000 2.888000
40 1596503267 3.800000 -1.000000 3.800000 3.800000 2.888000
40 1596503266 3.800000 -1.000000 3.800000 3.800000 2.888000
40 1596503265 3.800000 -1.000000 3.800000 3.800000 2.888000
40 1596503264 4.800000 -1.000000 4.800000 4.800000 4.608000
40 1596503263 4.800000 -1.000000 4.800000 4.800000 4.608000
40 1596503262 4.800000 -1.000000 4.800000 4.800000 4.608000
40 1596503261 4.800000 -1.000000 4.800000 4.800000 4.608000
40 1596503260 4.800000 -1.000000 4.800000 4.800000 4.608000
40 1596503259 3.200000 -1.000000 3.200000 3.200000 2.048000
40 1596503258 3.200000 -1.000000 3.200000 3.200000 2.048000
40 1596503257 3.200000 -1.000000 3.200000 3.200000 2.048000
40 1596503256 3.200000 -1.000000 3.200000 3.200000 2.048000
40 1596503255 3.200000 -1.000000 3.200000 3.200000 2.048000
40 1596503254 3.200000 -1.000000 3.200000 3.200000 2.048000
40 1596503253 3.200000 -1.000000 3.200000 3.200000 2.048000
40 1596503252 3.200000 -1.000000 3.200000 3.200000 2.048000
40 1596503251 3.200000 -1.000000 3.200000 3.200000 2.048000
40 1596503250 3.200000 -1.000000 3.200000 3.200000 2.048000
40 1596503249 3.400000 -1.000000 3.400000 3.400000 2.312000
40 1596503248 3.400000 -1.000000 3.400000 3.400000 2.312000
40 1596503247 3.400000 -1.000000 3.400000 3.400000 2.312000
40 1596503246 3.400000 -1.000000 3.400000 3.400000 2.312000
40 1596503245 3.400000 -1.000000 3.400000 3.400000 2.312000
40 1596503244 5.000000 -1.000000 5.000000 5.000000 5.000000
40 1596503243 5.000000 -1.000000 5.000000 5.000000 5.000000
40 1596503242 5.000000 -1.000000 5.000000 5.000000 5.000000
40 1596503241 5.000000 -1.000000 5.000000 5.000000 5.000000
40 1596503240 5.000000 -1.000000 5.000000 5.000000 5.000000
40 1596503239 6.600000 -1.000000 6.600000 6.600000 8.712000
40 1596503238 6.600000 -1.000000 6.600000 6.600000 8.712000
40 1596503237 6.600000 -1.000000 6.600000 6.600000 8.712000
40 1596503236 6.600000 -1.000000 6.600000 6.600000 8.712000
40 1596503235 6.600000 -1.000000 6.600000 6.600000 8.712000
40 1596503234 3.200000 -1.000000 3.200000 3.200000 2.048000
40 1596503233 3.200000 -1.000000 3.200000 3.200000 2.048000
40 1596503232 3.200000 -1.000000 3.200000 3.200000 2.048000
40 1596503231 3.200000 -1.000000 3.200000 3.200000 2.048000
40 1596503230 3.200000 -1.000000 3.200000 3.200000 2.048000
40 1596503229 0.600000 -1.000000 0.600000 0.600000 0.072000
40 1596503228 0.600000 -1.000000 0.600000 0.600000 0.072000
40 1596503227 0.600000 -1.000000 0.600000 0.600000 0.072000
40 1596503226 0.600000 -1.000000 0.600000 0.600000 0.072000
40 1596503225 0.600000 -1.000000 0.600000 0.600000 0.072000
40 1596503224 3.000000 -1.000000 3.000000 3.000000 1.800000
40 1596503223 3.000000 -1.000000 3.000000 3.000000 1.800000
40 1596503222 3.000000 -1.000000 3.000000 3.000000 1.800000
40 1596503221 3.000000 -1.000000 3.000000 3.000000 1.800000
40 1596503220 3.000000 -1.000000 3.000000 3.000000 1.800000
40 1596503219 6.000000 -1.000000 6.000000 6.000000 7.200000
40 1596503218 6.000000 -1.000000 6.000000 6.000000 7.200000
40 1596503217 6.000000 -1.000000 6.000000 6.000000 7.200000
40 1596503216 6.000000 -1.000000 6.000000 6.000000 7.200000
40 1596503215 6.000000 -1.000000 6.000000 6.000000 7.200000
40 1596503214 6.800000 -1.000000 6.800000 6.800000 9.248000
40 1596503213 6.800000 -1.000000 6.800000 6.800000 9.248000
40 1596503213 6.800000 -1.000000 -101.000000 0.000000 0.000000
40 1596503214 6.800000 -1.000000 -101.000000 0.000000 0.000000
40 1596503215 6.000000 -1.000000 -101.000000 0.000000 0.000000
40 1596503216 6.000000 -1.000000 -101.000000 0.000000 0.000000
40 1596503217 6.000000 -1.000000 -101.000000 0.000000 0.000000
40 1596503218 6.000000 -1.000000 -101.000000 0.000000 0.000000
40 1596503219 6.000000 -1.000000 -101.000000 0.000000 0.000000
40 1596503220 3.000000 -1.000000 -101.000000 0.000000 0.000000
40 1596503221 3.000000 -1.000000 -101.000000 0.000000 0.000000
40 1596503222 3.000000 -1.000000 -101.000000 0.000000 0.000000
40 1596503223 3.000000 -1.000000 -101.000000 0.000000 0.000000
40 1596503224 3.000000 -1.000000 -101.000000 0.000000 0.000000
40 1596503225 0.600000 -1.000000 -101.000000 0.000000 0.000000
40 1596503226 0.600000 -1.000000 -101.000000 0.000000 0.000000
40 1596503227 0.600000 -1.000000 -101.000000 0.000000 0.000000
40 1596503228 0.600000 -1.000000 -101.000000 0.000000 0.000000
40 1596503229 0.600000 -1.000000 -101.000000 0.000000 0.000000
40 1596503230 3.200000 -1.000000 -101.000000 0.000000 0.000000
40 1596503231 3.200000 -1.000000 -101.000000 0.000000 0.000000
40 1596503232 3.200000 -1.000000 -101.000000 0.000000 0.000000
40 1596503233 3.200000 -1.000000 -101.000000 0.000000 0.000000
40 1596503234 3.200000 -1.000000 -101.000000 0.000000 0.000000
40 1596503235 6.600000 -1.000000 -101.000000 0.000000 0.000000
40 1596503236 6.600000 -1.000000 -101.000000 0.000000 0.000000
40 1596503237 6.600000 -1.000000 -101.000000 0.000000 0.000000
40 1596503238 6.600000 -1.000000 -101.000000 0.000000 0.000000
40 1596503239 6.600000 -1.000000 -101.000000 0.000000 0.000000
40 1596503240 5.000000 -1.000000 -101.000000 0.000000 0.000000
40 1596503241 5.000000 -1.000000 -101.000000 0.000000 0.000000
40 1596503242 5.000000 -1.000000 -101.000000 0.000000 0.000000
40 1596503243 5.000000 -1.000000 -101.000000 0.000000 0.000000
40 1596503244 5.000000 -1.000000 -101.000000 0.000000 0.000000
40 1596503245 3.400000 -1.000000 -101.000000 0.000000 0.000000
40 1596503246 3.400000 -1.000000 -101.000000 0.000000 0.000000
40 1596503247 3.400000 -1.000000 -101.000000 0.000000 0.000000
40 1596503248 3.400000 -1.000000 -101.000000 0.000000 0.000000
40 1596503249 3.400000 -1.000000 -101.000000 0.000000 0.000000
40 1596503250 3.200000 -1.000000 -101.000000 0.000000 0.000000
40 1596503251 3.200000 -1.000000 -101.000000 0.000000 0.000000
40 1596503252 3.200000 -1.000000 -101.000000 0.000000 0.000000
40 1596503253 3.200000 -1.000000 -101.000000 0.000000 0.000000
40 1596503254 3.200000 -1.000000 -101.000000 0.000000 0.000000
40 1596503255 3.200000 -1.000000 -101.000000 0.000000 0.000000
40 1596503256 3.200000 -1.000000 -101.000000 0.000000 0.000000
40 1596503257 3.200000 -1.000000 -101.000000 0.000000 0.000000
40 1596503258 3.200000 -1.000000 -101.000000 0.000000 0.000000
40 1596503259 3.200000 -1.000000 -101.000000 0.000000 0.000000
40 1596503260 4.800000 -1.000000 -101.000000 0.000000 0.000000
40 1596503261 4.800000 -1.000000 -101.000000 0.000000 0.000000
40 1596503262 4.800000 -1.000000 -101.000000 0.000000 0.000000
40 1596503263 4.800000 -1.000000 -101.000000 0.000000 0.000000
40 1596503264 4.800000 -1.000000 -101.000000 0.000000 0.000000
40 1596503265 3.800000 -1.000000 -101.000000 0.000000 0.000000
40 1596503266 3.800000 -1.000000 -101.000000 0.000000 0.000000
40 1596503267 3.800000 -1.000000 -101.000000 0.000000 0.000000
40 1596503268 3.800000 -1.000000 -101.000000 0.000000 0.000000
40 1596503269 3.800000 -1.000000 -101.000000 0.000000 0.000000
40 1596503270 7.600000 -1.000000 -101.000000 0.000000 0.000000
40 1596503271 7.600000 -1.000000 -101.000000 0.000000 0.000000
40 1596503272 7.600000 -1.000000 -101.000000 0.000000 0.000000
40 1596503273 7.600000 -1.000000 -101.000000 0.000000 0.000000
40 1596503274 7.600000 -1.000000 -101.000000 0.000000 0.000000
40 1596503275 7.200000 -1.000000 -101.000000 0.000000 0.000000
40 1596503276 7.200000 -1.000000 -101.000000 0.000000 0.000000
40 1596503277 7.200000 -1.000000 -101.000000 0.000000 0.000000
40 1596503278 7.200000 -1.000000 -101.000000 0.000000 0.000000
40 1596503279 7.200000 -1.000000 -101.000000 0.000000 0.000000
40 1596503280 6.000000 -1.000000 -101.000000 0.000000 0.000000
40 1596503281 6.000000 -1.000000 -101.000000 0.000000 0.000000
40 1596503282 6.000000 -1.000000 -101.000000 0.000000 0.000000
40 1596503283 6.000000 -1.000000 -101.000000 0.000000 0.000000
40 1596503284 6.000000 -1.000000 -101.000000 0.000000 0.000000
40 1596503285 6.200000 -1.000000 -101.000000 0.000000 0.000000
40 1596503286 6.200000 -1.000000 -101.000000 0.000000 0.000000
40 1596503287 6.200000 -1.000000 -101.000000 0.000000 0.000000
40 1596503288 6.200000 -1.000000 -101.000000 0.000000 0.000000
40 1596503289 6.200000 -1.000000 -101.000000 0.000000 0.000000
40 1596503290 5.200000 -1.000000 -101.000000 0.000000 0.000000
40 1596503291 5.200000 -1.000000 -101.000000 0.000000 0.000000
40 1596503292 5.200000 -1.000000 -101.000000 0.000000 0.000000
40 1596503293 5.200000 -1.000000 -101.000000 0.000000 0.000000
40 1596503294 5.200000 -1.000000 -101.000000 0.000000 0.000000
40 1596503295 3.400000 -1.000000 -101.000000 0.000000 0.000000
40 1596503296 3.400000 -1.000000 -101.000000 0.000000 0.000000
40 1596503297 3.400000 -1.000000 -101.000000 0.000000 0.000000
40 1596503298 3.400000 -1.000000 -101.000000 0.000000 0.000000
40 1596503299 3.400000 -1.000000 -101.000000 0.000000 0.000000
40 1596503300 3.600000 -1.000000 -101.000000 0.000000 0.000000
40 1596503301 3.600000 -1.000000 -101.000000 0.000000 0.000000
40 1596503302 3.600000 -1.000000 -101.000000 0.000000 0.000000
40 1596503303 3.600000 -1.000000 -101.000000 0.000000 0.000000
40 1596503304 3.600000 -1.000000 -101.000000 0.000000 0.000000
40 1596503305 7.600000 -1.000000 -101.000000 0.000000 0.000000
40 1596503306 7.600000 -1.000000 -101.000000 0.000000 0.000000
40 1596503307 7.600000 -1.000000 -101.000000 0.000000 0.000000
40 1596503308 7.600000 -1.000000 -101.000000 0.000000 0.000000
40 1596503309 7.600000 -1.000000 -101.000000 0.000000 0.000000
40 1596503310 4.000000 -1.000000 -101.000000 0.000000 0.000000
40 1596503311 4.000000 -1.000000 -101.000000 0.000000 0.000000
40 1596503312 4.000000 -1.000000 -101.000000 0.000000 0.000000
40 1596503313 4.000000 -1.000000 -101.000000 0.000000 0.000000
40 1596503314 4.000000 -1.000000 -101.000000 0.000000 0.000000
40 1596503315 3.200000 -1.000000 -101.000000 0.000000 0.000000
40 1596503316 3.200000 -1.000000 -101.000000 0.000000 0.000000
40 1596503317 3.200000 -1.000000 -101.000000 0.000000 0.000000
40 1596503318 3.200000 -1.000000 -101.000000 0.000000 0.000000
40 1596503319 3.200000 -1.000000 -101.000000 0.000000 0.000000
40 1596503320 0.600000 -1.000000 -101.000000 0.000000 0.000000
40 1596503321 0.600000 -1.000000 -101.000000 0.000000 0.000000
40 1596503322 0.600000 -1.000000 -101.000000 0.000000 0.000000
40 1596503323 0.600000 -1.000000 -101.000000 0.000000 0.000000
40 1596503324 0.600000 -1.000000 -101.000000 0.000000 0.000000
40 1596503325 3.800000 -1.000000 -101.000000 0.000000 0.000000
40 1596503326 3.800000 -1.000000 -101.000000 0.000000 0.000000
40 1596503327 3.800000 -1.000000 -101.000000 0.000000 0.000000
40 1596503328 3.800000 -1.000000 -101.000000 0.000000 0.000000
40 1596503329 3.800000 -1.000000 -101.000000 0.000000 0.000000
40 1596503330 2.400000 -1.000000 -101.000000 0.000000 0.000000
40 1596503331 2.400000 -1.000000 -101.000000 0.000000 0.000000
40 1596503332 2.400000 -1.000000 -101.000000 0.000000 0.000000
40 1596503333 2.400000 -1.000000 -101.000000 0.000000 0.000000
40 1596503334 2.400000 -1.000000 -101.000000 0.000000 0.000000
40 1596503335 1.200000 -1.000000 -101.000000 0.000000 0.000000
40 1596503336 1.200000 -1.000000 -101.000000 0.000000 0.000000
40 1596503337 1.200000 -1.000000 -101.000000 0.000000 0.000000
40 1596503338 1.200000 -1.000000 -101.000000 0.000000 0.000000
40 1596503339 1.200000 -1.000000 -101.000000 0.000000 0.000000
40 1596503340 3.400000 -1.000000 -101.000000 0.000000 0.000000
40 1596503341 3.400000 -1.000000 -101.000000 0.000000 0.000000
40 1596503342 3.400000 -1.000000 -101.000000 0.000000 0.000000
40 1596503343 3.400000 -1.000000 -101.000000 0.000000 0.000000
40 1596503344 3.400000 -1.000000 -101.000000 0.000000 0.000000
40 1596503345 7.000000 -1.000000 -101.000000 0.000000 0.000000
40 1596503346 7.000000 -1.000000 -101.000000 0.000000 0.000000
40 1596503347 7.000000 -1.000000 -101.000000 0.000000 0.000000
40 1596503348 7.000000 -1.000000 -101.000000 0.000000 0.000000
40 1596503349 7.000000 -1.000000 -101.000000 0.000000 0.000000
40 1596503350 7.600000 -1.000000 -101.000000 0.000000 0.000000
40 1596503351 7.600000 -1.000000 -101.000000 0.000000 0.000000
40 1596503352 7.600000 -1.000000 -101.000000 0.000000 0.000000
40 1596503353 7.600000 -1.000000 -101.000000 0.000000 0.000000
40 1596503354 7.600000 -1.000000 -101.000000 0.000000 0.000000
40 1596503355 4.400000 -1.000000 -101.000000 0.000000 0.000000
40 1596503356 4.400000 -1.000000 -101.000000 0.000000 0.000000
40 1596503357 4.400000 -1.000000 -101.000000 0.000000 0.000000
40 1596503358 4.400000 -1.000000 -101.000000 0.000000 0.000000
40 1596503359 4.400000 -1.000000 -101.000000 0.000000 0.000000
40 1596503360 2.000000 -1.000000 -101.000000 0.000000 0.000000
40 1596503361 2.000000 -1.000000 -101.000000 0.000000 0.000000
40 1596503362 2.000000 -1.000000 -101.000000 0.000000 0.000000
40 1596503363 2.000000 -1.000000 -101.000000 0.000000 0.000000
40 1596503364 2.000000 -1.000000 -101.000000 0.000000 0.000000
40 1596503365 6.000000 -1.000000 -101.000000 0.000000 0.000000
40 1596503366 6.000000 -1.000000 -101.000000 0.000000 0.000000
40 1596503367 6.000000 -1.000000 -101.000000 0.000000 0.000000
40 1596503368 6.000000 -1.000000 -101.000000 0.000000 0.000000
40 1596503369 6.000000 -1.000000 -101.000000 0.000000 0.000000
40 1596503370 3.400000 -1.000000 -101.000000 0.000000 0.000000
40 1596503371 3.400000 -1.000000 -101.000000 0.000000 0.000000
40 1596503372 3.400000 -1.000000 -101.000000 0.000000 0.000000
40 1596503373 3.400000 -1.000000 -101.000000 0.000000 0.000000
40 1596503374 3.400000 -1.000000 -101.000000 0.000000 0.000000
40 1596503375 7.400000 -1.000000 -101.000000 0.000000 0.000000
40 1596503376 7.400000 -1.000000 -101.000000 0.000000 0.000000
40 1596503377 7.400000 -1.000000 -101.000000 0.000000 0.000000
40 1596503378 7.400000 -1.000000 -101.000000 0.000000 0.000000
40 1596503379 7.400000 -1.000000 -101.000000 0.000000 0.000000
40 1596503380 5.200000 -1.000000 -101.000000 0.000000 0.000000
40 1596503381 5.200000 -1.000000 -101.000000 0.000000 0.000000
40 1596503382 5.200000 -1.000000 -101.000000 0.000000 0.000000
40 1596503383 5.200000 -1.000000 -101.000000 0.000000 0.000000
40 1596503384 5.200000 -1.000000 -101.000000 0.000000 0.000000
40 1596503385 7.800000 -1.000000 -101.000000 0.000000 0.000000
40 1596503386 7.800000 -1.000000 -101.000000 0.000000 0.000000
40 1596503387 7.800000 -1.000000 -101.000000 0.000000 0.000000
40 1596503388 7.800000 -1.000000 -101.000000 0.000000 0.000000
40 1596503389 7.800000 -1.000000 -101.000000 0.000000 0.000000
40 1596503390 4.400000 -1.000000 -101.000000 0.000000 0.000000
40 1596503391 4.400000 -1.000000 -101.000000 0.000000 0.000000
40 1596503392 4.400000 -1.000000 -101.000000 0.000000 0.000000
40 1596503393 4.400000 -1.000000 -101.000000 0.000000 0.000000
40 1596503394 4.400000 -1.000000 -101.000000 0.000000 0.000000
40 1596503395 4.800000 -1.000000 -101.000000 0.000000 0.000000
40 1596503396 4.800000 -1.000000 -101.000000 0.000000 0.000000
40 1596503397 4.800000 -1.000000 -101.000000 0.000000 0.000000
40 1596503398 4.800000 -1.000000 -101.000000 0.000000 0.000000
40 1596503399 4.800000 -1.000000 -101.000000 0.000000 0.000000
40 1596503400 3.600000 -1.000000 -101.000000 0.000000 0.000000
40 1596503401 3.600000 -1.000000 -101.000000 0.000000 0.000000
40 1596503402 3.600000 -1.000000 -101.000000 0.000000 0.000000
40 1596503403 3.600000 -1.000000 -101.000000 0.000000 0.000000
40 1596503404 3.600000 -1.000000 -101.000000 0.000000 0.000000
40 1596503405 3.600000 -1.000000 -101.000000 0.000000 0.000000
40 1596503406 3.600000 -1.000000 -101.000000 0.000000 0.000000
40 1596503407 3.600000 -1.000000 -101.000000 0.000000 0.000000
40 1596503408 3.600000 -1.000000 -101.000000 0.000000 0.000000
40 1596503409 3.600000 -1.000000 -101.000000 0.000000 0.000000
40 1596503410 5.000000 -1.000000 -101.000000 0.000000 0.000000
40 1596503411 5.000000 -1.000000 -101.000000 0.000000 0.000000
40 1596503412 5.000000 -1.000000 -101.000000 0.000000 0.000000
40 1596503413 5.000000 -1.000000 -101.000000 0.000000 0.000000
40 1596503414 5.000000 -1.000000 -101.000000 0.000000 0.000000
40 1596503415 4.800000 -1.000000 -101.000000 0.000000 0.000000
40 1596503416 4.800000 -1.000000 -101.000000 0.000000 0.000000
40 1596503417 4.800000 -1.000000 -101.000000 0.000000 0.000000
40 1596503418 4.800000 -1.000000 -101.000000 0.000000 0.000000
40 1596503419 4.800000 -1.000000 -101.000000 0.000000 0.000000
40 1596503420 7.800000 -1.000000 -101.000000 0.000000 0.000000
40 1596503421 7.800000 -1.000000 -101.000000 0.000000 0.000000
40 1596503422 7.800000 -1.000000 -101.000000 0.000000 0.000000
40 1596503423 7.800000 -1.000000 -101.000000 0.000000 0.000000
40 1596503424 7.800000 -1.000000 -101.000000 0.000000 0.000000
40 1596503425 2.000000 -1.000000 -101.000000 0.000000 0.000000
40 1596503426 2.000000 -1.000000 -101.000000 0.000000 0.000000
40 1596503427 2.000000 -1.000000 -101.000000 0.000000 0.000000
40 1596503428 2.000000 -1.000000 -101.000000 0.000000 0.000000
40 1596503429 2.000000 -1.000000 -101.000000 0.000000 0.000000
40 1596503430 1.400000 -1.000000 -101.000000 0.000000 0.000000
40 1596503431 1.400000 -1.000000 -101.000000 0.000000 0.000000
40 1596503432 1.400000 -1.000000 -101.000000 0.000000 0.000000
40 1596503433 1.400000 -1.000000 -101.000000 0.000000 0.000000
40 1596503434 1.400000 -1.000000 -101.000000 0.000000 0.000000
40 1596503435 2.800000 -1.000000 -101.000000 0.000000 0.000000
40 1596503436 2.800000 -1.000000 -101.000000 0.000000 0.000000
40 1596503437 2.800000 -1.000000 -101.000000 0.000000 0.000000
40 1596503438 2.800000 -1.000000 -101.000000 0.000000 0.000000
40 1596503439 2.800000 -1.000000 -101.000000 0.000000 0.000000
40 1596503440 4.000000 -1.000000 -101.000000 0.000000 0.000000
40 1596503441 4.000000 -1.000000 -101.000000 0.000000 0.000000
40 1596503442 4.000000 -1.000000 -101.000000 0.000000 0.000000
40 1596503443 4.000000 -1.000000 -101.000000 0.000000 0.000000
40 1596503444 4.000000 -1.000000 -101.000000 0.000000 0.000000
40 1596503445 4.200000 -1.000000 -101.000000 0.000000 0.000000
40 1596503446 4.200000 -1.000000 -101.000000 0.000000 0.000000
40 1596503447 4.200000 -1.000000 -101.000000 0.000000 0.000000
40 1596503448 4.200000 -1.000000 -101.000000 0.000000 0.000000
40 1596503449 4.200000 -1.000000 -101.000000 0.000000 0.000000
40 1596503450 2.800000 -1.000000 -101.000000 0.000000 0.000000
40 1596503451 2.800000 -1.000000 -101.000000 0.000000 0.000000
40 1596503452 2.800000 -1.000000 -101.000000 0.000000 0.000000
40 1596503453 2.800000 -1.000000 -101.000000 0.000000 0.000000
40 1596503454 2.800000 -1.000000 -101.000000 0.000000 0.000000
40 1596503455 5.400000 -1.000000 -101.000000 0.000000 0.000000
40 1596503456 5.400000 -1.000000 -101.000000 0.000000 0.000000
40 1596503457 5.400000 -1.000000 -101.000000 0.000000 0.000000
40 1596503458 5.400000 -1.000000 -101.000000 0.000000 0.000000
40 1596503459 5.400000 -1.000000 -101.000000 0.000000 0.000000
40 1596503460 5.800000 -1.000000 -101.000000 0.000000 0.000000
40 1596503461 5.800000 -1.000000 -101.000000 0.000000 0.000000
40 1596503462 5.800000 -1.000000 -101.000000 0.000000 0.000000
40 1596503463 5.800000 -1.000000 -101.000000 0.000000 0.000000
40 1596503464 5.800000 -1.000000 -101.000000 0.000000 0.000000
40 1596503465 5.000000 -1.000000 -101.000000 0.000000 0.000000
40 1596503466 5.000000 -1.000000 -101.000000 0.000000 0.000000
40 1596503467 5.000000 -1.000000 -101.000000 0.000000 0.000000
40 1596503468 5.000000 -1.000000 -101.000000 0.000000 0.000000
40 1596503469 5.000000 -1.000000 -101.000000 0.000000 0.000000
40 1596503470 1.200000 -1.000000 -101.000000 0.000000 0.000000
40 1596503471 1.200000 -1.000000 -101.000000 0.000000 0.000000
40 1596503472 1.200000 -1.000000 -101.000000 0.000000 0.000000
40 1596503535 5.000000 -1.000000 5.000000 5.000000 5.000000
40 1596503534 0.600000 -1.000000 0.600000 0.600000 0.072000
40 1596503533 0.600000 -1.000000 0.600000 0.600000 0.072000
40 1596503532 0.600000 -1.000000 0.600000 0.600000 0.072000
40 1596503531 0.600000 -1.000000 0.600000 0.600000 0.072000
40 1596503530 0.600000 -1.000000 0.600000 0.600000 0.072000
40 1596503529 0.200000 -1.000000 0.200000 0.200000 0.008000
40 1596503528 0.200000 -1.000000 0.200000 0.200000 0.008000
40 1596503527 0.200000 -1.000000 0.200000 0.200000 0.008000
40 1596503526 0.200000 -1.000000 0.200000 0.200000 0.008000
40 1596503525 0.200000 -1.000000 0.200000 0.200000 0.008000
40 1596503524 0.800000 -1.000000 0.800000 0.800000 0.128000
40 1596503523 0.800000 -1.000000 0.800000 0.800000 0.128000
40 1596503522 0.800000 -1.000000 0.800000 0.800000 0.128000
40 1596503521 0.800000 -1.000000 0.800000 0.800000 0.128000
40 1596503520 0.800000 -1.000000 0.800000 0.800000 0.128000
40 1596503519 1.200000 -1.000000 1.200000 1.200000 0.288000
40 1596503518 1.200000 -1.000000 1.200000 1.200000 0.288000
40 1596503517 1.200000 -1.000000 1.200000 1.200000 0.288000
40 1596503516 1.200000 -1.000000 1.200000 1.200000 0.288000
40 1596503515 1.200000 -1.000000 1.200000 1.200000 0.288000
40 1596503514 2.800000 -1.000000 2.800000 2.800000 1.568000
40 1596503513 2.800000 -1.000000 2.800000 2.800000 1.568000
40 1596503512 2.800000 -1.000000 2.800000 2.800000 1.568000
40 1596503511 2.800000 -1.000000 2.800000 2.800000 1.568000
40 1596503510 2.800000 -1.000000 2.800000 2.800000 1.568000
40 1596503509 4.200000 -1.000000 4.200000 4.200000 3.528000
40 1596503508 4.200000 -1.000000 4.200000 4.200000 3.528000
40 1596503507 4.200000 -1.000000 4.200000 4.200000 3.528000
40 1596503506 4.200000 -1.000000 4.200000 4.200000 3.528000
40 1596503505 4.200000 -1.000000 4.200000 4.200000 3.528000
40 1596503504 2.800000 -1.000000 2.800000 2.800000 1.568000
40 1596503503 2.800000 -1.000000 2.800000 2.800000 1.568000
40 1596503502 2.800000 -1.000000 2.800000 2.800000 1.568000
40 1596503501 2.800000 -1.000000 2.800000 2.800000 1.568000
40 1596503500 2.800000 -1.000000 2.800000 2.800000 1.568000
40 1596503499 5.800000 -1.000000 5.800000 5.800000 6.728000
40 1596503498 5.800000 -1.000000 5.800000 5.800000 6.728000
40 1596503497 5.800000 -1.000000 5.800000 5.800000 6.728000
40 1596503496 5.800000 -1.000000 5.800000 5.800000 6.728000
40 1596503495 5.800000 -1.000000 5.800000 5.800000 6.728000
40 1596503494 6.600000 -1.000000 6.600000 6.600000 8.712000
40 1596503493 6.600000 -1.000000 6.600000 6.600000 8.712000
40 1596503492 6.600000 -1.000000 6.600000 6.600000 8.712000
40 1596503491 6.600000 -1.000000 6.600000 6.600000 8.712000
40 1596503490 6.600000 -1.000000 6.600000 6.600000 8.712000
40 1596503489 8.200000 -1.000000 8.200000 8.200000 13.448000
40 1596503488 8.200000 -1.000000 8.200000 8.200000 13.448000
40 1596503487 8.200000 -1.000000 8.200000 8.200000 13.448000
40 1596503486 8.200000 -1.000000 8.200000 8.200000 13.448000
40 1596503485 8.200000 -1.000000 8.200000 8.200000 13.448000
40 1596503484 8.000000 -1.000000 8.000000 8.000000 12.800000
40 1596503483 8.000000 -1.000000 8.000000 8.000000 12.800000
40 1596503482 8.000000 -1.000000 8.000000 8.000000 12.800000
40 1596503481 8.000000 -1.000000 8.000000 8.000000 12.800000
40 1596503480 8.000000 -1.000000 8.000000 8.000000 12.800000
40 1596503479 5.000000 -1.000000 5.000000 5.000000 5.000000
40 1596503478 5.000000 -1.000000 5.000000 5.000000 5.000000
40 1596503477 5.000000 -1.000000 5.000000 5.000000 5.000000
40 1596503476 5.000000 -1.000000 5.000000 5.000000 5.000000
40 1596503475 5.000000 -1.000000 5.000000 5.000000 5.000000
40 1596503474 1.200000 -1.000000 1.200000 1.200000 0.288000
40 1596503473 1.200000 -1.000000 1.200000 1.200000 0.288000
