26 1596502080 0.400000 -1.000000 -101.000000 0.000000 0.000000
26 1596502081 0.400000 -1.000000 -101.000000 0.000000 0.000000
26 1596502082 0.400000 -1.000000 -101.000000 0.000000 0.000000
26 1596502083 0.400000 -1.000000 -101.000000 0.000000 0.000000
26 1596502084 0.400000 -1.000000 -101.000000 0.000000 0.000000
26 1596502085 0.600000 -1.000000 -101.000000 0.000000 0.000000
26 1596502086 0.600000 -1.000000 -101.000000 0.000000 0.000000
26 1596502087 0.600000 -1.000000 -101.000000 0.000000 0.000000
26 1596502088 0.600000 -1.000000 -101.000000 0.000000 0.000000
26 1596502089 0.600000 -1.000000 -101.000000 0.000000 0.000000
26 1596502090 0.800000 -1.000000 -101.000000 0.000000 0.000000
26 1596502091 0.800000 -1.000000 -101.000000 0.000000 0.000000
26 1596502092 0.800000 -1.000000 -101.000000 0.000000 0.000000
26 1596502093 0.800000 -1.000000 -101.000000 0.000000 0.000000
26 1596502094 0.800000 -1.000000 -101.000000 0.000000 0.000000
26 1596502095 1.000000 -1.000000 -101.000000 0.000000 0.000000
26 1596502096 1.000000 -1.000000 -101.000000 0.000000 0.000000
26 1596502097 1.000000 -1.000000 -101.000000 0.000000 0.000000
26 1596502098 1.000000 -1.000000 -101.000000 0.000000 0.000000
26 1596502099 1.000000 -1.000000 -101.000000 0.000000 0.000000
26 1596502100 1.200000 -1.000000 -101.000000 0.000000 0.000000
26 1596502101 1.200000 -1.000000 -101.000000 0.000000 0.000000
26 1596502102 1.200000 -1.000000 -101.000000 0.000000 0.000000
26 1596502103 1.200000 -1.000000 -101.000000 0.000000 0.000000
26 1596502104 1.200000 -1.000000 -101.000000 0.000000 0.000000
26 1596502105 1.400000 -1.000000 -101.000000 0.000000 0.000000
26 1596502106 1.400000 -1.000000 -101.000000 0.000000 0.000000
26 1596502107 1.400000 -1.000000 -101.000000 0.000000 0.000000
26 1596502108 1.400000 -1.000000 -101.000000 0.000000 0.000000
26 1596502109 1.400000 -1.000000 -101.000000 0.000000 0.000000
26 1596502110 2.000000 -1.000000 -101.000000 0.000000 0.000000
26 1596502111 2.000000 -1.000000 -101.000000 0.000000 0.000000
26 1596502112 2.000000 -1.000000 -101.000000 0.000000 0.000000
26 1596502113 2.000000 -1.000000 -101.000000 0.000000 0.000000
26 1596502114 2.000000 -1.000000 -101.000000 0.000000 0.000000
26 1596502115 1.800000 -1.000000 -101.000000 0.000000 0.000000
26 1596502116 1.800000 -1.000000 -101.000000 0.000000 0.000000
26 1596502117 1.800000 -1.000000 -101.000000 0.000000 0.000000
26 1596502118 1.800000 -1.000000 -101.000000 0.000000 0.000000
26 1596502119 1.800000 -1.000000 -101.000000 0.000000 0.000000
26 1596502120 2.400000 -1.000000 -101.000000 0.000000 0.000000
26 1596502121 2.400000 -1.000000 -101.000000 0.000000 0.000000
26 1596502122 2.400000 -1.000000 -101.000000 0.000000 0.000000
26 1596502123 2.400000 -1.000000 -101.000000 0.000000 0.000000
26 1596502124 2.400000 -1.000000 -101.000000 0.000000 0.000000
26 1596502125 2.600000 -1.000000 -101.000000 0.000000 0.000000
26 1596502126 2.600000 -1.000000 -101.000000 0.000000 0.000000
26 1596502127 2.600000 -1.000000 -101.000000 0.000000 0.000000
26 1596502128 2.600000 -1.000000 -101.000000 0.000000 0.000000
26 1596502129 2.600000 -1.000000 -101.000000 0.000000 0.000000
26 1596502130 1.800000 -1.000000 -101.000000 0.000000 0.000000
26 1596502131 1.800000 -1.000000 -101.000000 0.000000 0.000000
26 1596502132 1.800000 -1.000000 -101.000000 0.000000 0.000000
26 1596502133 1.800000 -1.000000 -101.000000 0.000000 0.000000
26 1596502134 1.800000 -1.000000 -101.000000 0.000000 0.000000
26 1596502135 1.000000 -1.000000 -101.000000 0.000000 0.000000
26 1596502136 1.000000 -1.000000 -101.000000 0.000000 0.000000
26 1596502137 1.000000 -1.000000 -101.000000 0.000000 0.000000
26 1596502138 1.000000 -1.000000 -101.000000 0.000000 0.000000
26 1596502139 1.000000 -1.000000 -101.000000 0.000000 0.000000
26 1596502140 2.000000 -1.000000 -101.000000 0.000000 0.000000
26 1596502141 2.000000 -1.000000 -101.000000 0.000000 0.000000
26 1596502142 2.000000 -1.000000 -101.000000 0.000000 0.000000
26 1596502143 2.000000 -1.000000 -101.000000 0.000000 0.000000
26 1596502144 2.000000 -1.000000 -101.000000 0.000000 0.000000
26 1596502145 1.000000 -1.000000 -101.000000 0.000000 0.000000
26 1596502146 1.000000 -1.000000 -101.000000 0.000000 0.000000
26 1596502147 1.000000 -1.000000 -101.000000 0.000000 0.000000
26 1596502148 1.000000 -1.000000 -101.000000 0.000000 0.000000
26 1596502149 1.000000 -1.000000 -101.000000 0.000000 0.000000
26 1596502150 1.400000 -1.000000 -101.000000 0.000000 0.000000
26 1596502151 1.400000 -1.000000 -101.000000 0.000000 0.000000
26 1596502152 1.400000 -1.000000 -101.000000 0.000000 0.000000
26 1596502153 1.400000 -1.000000 -101.000000 0.000000 0.000000
26 1596502154 1.400000 -1.000000 -101.000000 0.000000 0.000000
26 1596502155 0.800000 -1.000000 -101.000000 0.000000 0.000000
26 1596502156 0.800000 -1.000000 -101.000000 0.000000 0.000000
26 1596502157 0.800000 -1.000000 -101.000000 0.000000 0.000000
26 1596502158 0.800000 -1.000000 -101.000000 0.000000 0.000000
26 1596502159 0.800000 -1.000000 -101.000000 0.000000 0.000000
26 1596502160 1.200000 -1.000000 -101.000000 0.000000 0.000000
26 1596502161 1.200000 -1.000000 -101.000000 0.000000 0.000000
26 1596502162 1.200000 -1.000000 -101.000000 0.000000 0.000000
26 1596502163 1.200000 -1.000000 -101.000000 0.000000 0.000000
26 1596502164 1.200000 -1.000000 -101.000000 0.000000 0.000000
26 1596502165 1.800000 -1.000000 -101.000000 0.000000 0.000000
26 1596502166 1.800000 -1.000000 -101.000000 0.000000 0.000000
26 1596502167 1.800000 -1.000000 -101.000000 0.000000 0.000000
26 1596502168 1.800000 -1.000000 -101.000000 0.000000 0.000000
26 1596502169 1.800000 -1.000000 -101.000000 0.000000 0.000000
26 1596502170 0.600000 -1.000000 -101.000000 0.000000 0.000000
26 1596502171 0.600000 -1.000000 -101.000000 0.000000 0.000000
26 1596502172 0.600000 -1.000000 -101.000000 0.000000 0.000000
26 1596502173 0.600000 -1.000000 -101.000000 0.000000 0.000000
26 1596502174 0.600000 -1.000000 -101.000000 0.000000 0.000000
26 1596502175 0.600000 -1.000000 -101.000000 0.000000 0.000000
26 1596502176 0.600000 -1.000000 -101.000000 0.000000 0.000000
26 1596502177 0.600000 -1.000000 -101.000000 0.000000 0.000000
26 1596502178 0.600000 -1.000000 -101.000000 0.000000 0.000000
26 1596502179 0.600000 -1.000000 -101.000000 0.000000 0.000000
26 1596502180 1.000000 -1.000000 -101.000000 0.000000 0.000000
26 1596502181 1.000000 -1.000000 -101.000000 0.000000 0.000000
26 1596502182 1.000000 -1.000000 -101.000000 0.000000 0.000000
26 1596502183 1.000000 -1.000000 -101.000000 0.000000 0.000000
26 1596502184 1.000000 -1.000000 -101.000000 0.000000 0.000000
26 1596502185 1.600000 -1.000000 -101.000000 0.000000 0.000000
26 1596502186 1.600000 -1.000000 -101.000000 0.000000 0.000000
26 1596502187 1.600000 -1.000000 -101.000000 0.000000 0.000000
26 1596502188 1.600000 -1.000000 -101.000000 0.000000 0.000000
26 1596502189 1.600000 -1.000000 -101.000000 0.000000 0.000000
26 1596502190 1.200000 -1.000000 -101.000000 0.000000 0.000000
26 1596502191 1.200000 -1.000000 -101.000000 0.000000 0.000000
26 1596502192 1.200000 -1.000000 -101.000000 0.000000 0.000000
26 1596502193 1.200000 -1.000000 -101.000000 0.000000 0.000000
26 1596502194 1.200000 -1.000000 -101.000000 0.000000 0.000000
26 1596502195 1.800000 -1.000000 -101.000000 0.000000 0.000000
26 1596502196 1.800000 -1.000000 -101.000000 0.000000 0.000000
26 1596502197 1.800000 -1.000000 -101.000000 0.000000 0.000000
26 1596502198 1.800000 -1.000000 -101.000000 0.000000 0.000000
26 1596502199 1.800000 -1.000000 -101.000000 0.000000 0.000000
26 1596502200 0.600000 -1.000000 -101.000000 0.000000 0.000000
26 1596502201 0.600000 -1.000000 -101.000000 0.000000 0.000000
26 1596502202 0.600000 -1.000000 -101.000000 0.000000 0.000000
26 1596502203 0.600000 -1.000000 -101.000000 0.000000 0.000000
26 1596502204 0.600000 -1.000000 -101.000000 0.000000 0.000000
26 1596502205 1.600000 -1.000000 -101.000000 0.000000 0.000000
26 1596502206 1.600000 -1.000000 -101.000000 0.000000 0.000000
26 1596502207 1.600000 -1.000000 -101.000000 0.000000 0.000000
26 1596502208 1.600000 -1.000000 -101.000000 0.000000 0.000000
26 1596502209 1.600000 -1.000000 -101.000000 0.000000 0.000000
26 1596502210 1.400000 -1.000000 -101.000000 0.000000 0.000000
26 1596502211 1.400000 -1.000000 -101.000000 0.000000 0.000000
26 1596502212 1.400000 -1.000000 -101.000000 0.000000 0.000000
26 1596502213 1.400000 -1.000000 -101.000000 0.000000 0.000000
26 1596502214 1.400000 -1.000000 -101.000000 0.000000 0.000000
26 1596502215 1.000000 -1.000000 -101.000000 0.000000 0.000000
26 1596502216 1.000000 -1.000000 -101.000000 0.000000 0.000000
26 1596502217 1.000000 -1.000000 -101.000000 0.000000 0.000000
26 1596502218 1.000000 -1.000000 -101.000000 0.000000 0.000000
26 1596502219 1.000000 -1.000000 -101.000000 0.000000 0.000000
26 1596502220 1.000000 -1.000000 -101.000000 0.000000 0.000000
26 1596502221 1.000000 -1.000000 -101.000000 0.000000 0.000000
26 1596502222 1.000000 -1.000000 -101.000000 0.000000 0.000000
26 1596502223 1.000000 -1.000000 -101.000000 0.000000 0.000000
26 1596502224 1.000000 -1.000000 -101.000000 0.000000 0.000000
26 1596502225 1.800000 -1.000000 -101.000000 0.000000 0.000000
26 1596502226 1.800000 -1.000000 -101.000000 0.000000 0.000000
26 1596502227 1.800000 -1.000000 -101.000000 0.000000 0.000000
26 1596502228 1.800000 -1.000000 -101.000000 0.000000 0.000000
26 1596502229 1.800000 -1.000000 -101.000000 0.000000 0.000000
26 1596502230 2.400000 -1.000000 -101.000000 0.000000 0.000000
26 1596502231 2.400000 -1.000000 -101.000000 0.000000 0.000000
26 1596502232 2.400000 -1.000000 -101.000000 0.000000 0.000000
26 1596502233 2.400000 -1.000000 -101.000000 0.000000 0.000000
26 1596502234 2.400000 -1.000000 -101.000000 0.000000 0.000000
26 1596502235 1.000000 -1.000000 -101.000000 0.000000 0.000000
26 1596502236 1.000000 -1.000000 -101.000000 0.000000 0.000000
26 1596502237 1.000000 -1.000000 -101.000000 0.000000 0.000000
26 1596502238 1.000000 -1.000000 -101.000000 0.000000 0.000000
26 1596502239 1.000000 -1.000000 -101.000000 0.000000 0.000000
26 1596502240 0.800000 -1.000000 -101.000000 0.000000 0.000000
26 1596502241 0.800000 -1.000000 -101.000000 0.000000 0.000000
26 1596502242 0.800000 -1.000000 -101.000000 0.000000 0.000000
26 1596502243 0.800000 -1.000000 -101.000000 0.000000 0.000000
26 1596502244 0.800000 -1.000000 -101.000000 0.000000 0.000000
26 1596502245 2.000000 -1.000000 -101.000000 0.000000 0.000000
26 1596502246 2.000000 -1.000000 -101.000000 0.000000 0.000000
26 1596502247 2.000000 -1.000000 -101.000000 0.000000 0.000000
26 1596502248 2.000000 -1.000000 -101.000000 0.000000 0.000000
26 1596502249 2.000000 -1.000000 -101.000000 0.000000 0.000000
26 1596502250 1.600000 -1.000000 -101.000000 0.000000 0.000000
26 1596502251 1.600000 -1.000000 -101.000000 0.000000 0.000000
26 1596502252 1.600000 -1.000000 -101.000000 0.000000 0.000000
26 1596502253 1.600000 -1.000000 -101.000000 0.000000 0.000000
26 1596502254 1.600000 -1.000000 -101.000000 0.000000 0.000000
26 1596502255 1.600000 -1.000000 -101.000000 0.000000 0.000000
26 1596502256 1.600000 -1.000000 -101.000000 0.000000 0.000000
26 1596502257 1.600000 -1.000000 -101.000000 0.000000 0.000000
26 1596502258 1.600000 -1.000000 -101.000000 0.000000 0.000000
26 1596502259 1.600000 -1.000000 -101.000000 0.000000 0.000000
26 1596502260 1.400000 -1.000000 -101.000000 0.000000 0.000000
26 1596502261 1.400000 -1.000000 -101.000000 0.000000 0.000000
26 1596502262 1.400000 -1.000000 -101.000000 0.000000 0.000000
26 1596502263 1.400000 -1.000000 -101.000000 0.000000 0.000000
26 1596502264 1.400000 -1.000000 -101.000000 0.000000 0.000000
26 1596502265 2.600000 -1.000000 -101.000000 0.000000 0.000000
26 1596502266 2.600000 -1.000000 -101.000000 0.000000 0.000000
26 1596502267 2.600000 -1.000000 -101.000000 0.000000 0.000000
26 1596502268 2.600000 -1.000000 -101.000000 0.000000 0.000000
26 1596502269 2.600000 -1.000000 -101.000000 0.000000 0.000000
26 1596502270 0.800000 -1.000000 -101.000000 0.000000 0.000000
26 1596502271 0.800000 -1.000000 -101.000000 0.000000 0.000000
26 1596502272 0.800000 -1.000000 -101.000000 0.000000 0.000000
26 1596502273 0.800000 -1.000000 -101.000000 0.000000 0.000000
26 1596502274 0.800000 -1.000000 -101.000000 0.000000 0.000000
26 1596502275 0.800000 -1.000000 -101.000000 0.000000 0.000000
26 1596502276 0.800000 -1.000000 -101.000000 0.000000 0.000000
26 1596502277 0.800000 -1.000000 -101.000000 0.000000 0.000000
26 1596502278 0.800000 -1.000000 -101.000000 0.000000 0.000000
26 1596502279 0.800000 -1.000000 -101.000000 0.000000 0.000000
26 1596502280 2.000000 -1.000000 -101.000000 0.000000 0.000000
26 1596502281 2.000000 -1.000000 -101.000000 0.000000 0.000000
26 1596502282 2.000000 -1.000000 -101.000000 0.000000 0.000000
26 1596502283 2.000000 -1.000000 -101.000000 0.000000 0.000000
26 1596502284 2.000000 -1.000000 -101.000000 0.000000 0.000000
26 1596502285 0.800000 -1.000000 -101.000000 0.000000 0.000000
26 1596502286 0.800000 -1.000000 -101.000000 0.000000 0.000000
26 1596502287 0.800000 -1.000000 -101.000000 0.000000 0.000000
26 1596502288 0.800000 -1.000000 -101.000000 0.000000 0.000000
26 1596502289 0.800000 -1.000000 -101.000000 0.000000 0.000000
26 1596502290 0.600000 -1.000000 -101.000000 0.000000 0.000000
26 1596502291 0.600000 -1.000000 -101.000000 0.000000 0.000000
26 1596502292 0.600000 -1.000000 -101.000000 0.000000 0.000000
26 1596502293 0.600000 -1.000000 -101.000000 0.000000 0.000000
26 1596502294 0.600000 -1.000000 -101.000000 0.000000 0.000000
26 1596502295 0.800000 -1.000000 -101.000000 0.000000 0.000000
26 1596502296 0.800000 -1.000000 -101.000000 0.000000 0.000000
26 1596502297 0.800000 -1.000000 -101.000000 0.000000 0.000000
26 1596502298 0.800000 -1.000000 -101.000000 0.000000 0.000000
26 1596502299 0.800000 -1.000000 -101.000000 0.000000 0.000000
26 1596502300 2.200000 -1.000000 -101.000000 0.000000 0.000000
26 1596502301 2.200000 -1.000000 -101.000000 0.000000 0.000000
26 1596502302 2.200000 -1.000000 -101.000000 0.000000 0.000000
26 1596502303 2.200000 -1.000000 -101.000000 0.000000 0.000000
26 1596502304 2.200000 -1.000000 -101.000000 0.000000 0.000000
26 1596502305 0.800000 -1.000000 -101.000000 0.000000 0.000000
26 1596502306 0.800000 -1.000000 -101.000000 0.000000 0.000000
26 1596502307 0.800000 -1.000000 -101.000000 0.000000 0.000000
26 1596502308 0.800000 -1.000000 -101.000000 0.000000 0.000000
26 1596502309 0.800000 -1.000000 -101.000000 0.000000 0.000000
26 1596502310 0.800000 -1.000000 -101.000000 0.000000 0.000000
26 1596502311 0.800000 -1.000000 -101.000000 0.000000 0.000000
26 1596502312 0.800000 -1.000000 -101.000000 0.000000 0.000000
26 1596502313 0.800000 -1.000000 -101.000000 0.000000 0.000000
26 1596502314 0.800000 -1.000000 -101.000000 0.000000 0.000000
26 1596502315 1.200000 -1.000000 -101.000000 0.000000 0.000000
26 1596502316 1.200000 -1.000000 -101.000000 0.000000 0.000000
26 1596502317 1.200000 -1.000000 -101.000000 0.000000 0.000000
26 1596502318 1.200000 -1.000000 -101.000000 0.000000 0.000000
26 1596502319 1.200000 -1.000000 -101.000000 0.000000 0.000000
26 1596502320 2.400000 -1.000000 -101.000000 0.000000 0.000000
26 1596502321 2.400000 -1.000000 -101.000000 0.000000 0.000000
26 1596502322 2.400000 -1.000000 -101.000000 0.000000 0.000000
26 1596502323 2.400000 -1.000000 -101.000000 0.000000 0.000000
26 1596502324 2.400000 -1.000000 -101.000000 0.000000 0.000000
26 1596502325 0.800000 -1.000000 -101.000000 0.000000 0.000000
26 1596502326 0.800000 -1.000000 -101.000000 0.000000 0.000000
26 1596502327 0.800000 -1.000000 -101.000000 0.000000 0.000000
26 1596502328 0.800000 -1.000000 -101.000000 0.000000 0.000000
26 1596502329 0.800000 -1.000000 -101.000000 0.000000 0.000000
26 1596502330 1.400000 -1.000000 -101.000000 0.000000 0.000000
26 1596502331 1.400000 -1.000000 -101.000000 0.000000 0.000000
26 1596502332 1.400000 -1.000000 -101.000000 0.000000 0.000000
26 1596502333 1.400000 -1.000000 -101.000000 0.000000 0.000000
26 1596502334 1.400000 -1.000000 -101.000000 0.000000 0.000000
26 1596502335 1.400000 -1.000000 -101.000000 0.000000 0.000000
26 1596502336 1.400000 -1.000000 -101.000000 0.000000 0.000000
26 1596502337 1.400000 -1.000000 -101.000000 0.000000 0.000000
26 1596502338 1.400000 -1.000000 -101.000000 0.000000 0.000000
26 1596502339 1.400000 -1.000000 -101.000000 0.000000 0.000000
26 1596502340 2.000000 -1.000000 -101.000000 0.000000 0.000000
26 1596502341 2.000000 -1.000000 -101.000000 0.000000 0.000000
26 1596502342 2.000000 -1.000000 -101.000000 0.000000 0.000000
26 1596502343 2.000000 -1.000000 -101.000000 0.000000 0.000000
26 1596502344 2.000000 -1.000000 -101.000000 0.000000 0.000000
26 1596502345 0.800000 -1.000000 -101.000000 0.000000 0.000000
26 1596502346 0.800000 -1.000000 -101.000000 0.000000 0.000000
26 1596502347 0.800000 -1.000000 -101.000000 0.000000 0.000000
26 1596502348 0.800000 -1.000000 -101.000000 0.000000 0.000000
26 1596502349 0.800000 -1.000000 -101.000000 0.000000 0.000000
26 1596502350 1.000000 -1.000000 -101.000000 0.000000 0.000000
26 1596502351 1.000000 -1.000000 -101.000000 0.000000 0.000000
26 1596502352 1.000000 -1.000000 -101.000000 0.000000 0.000000
26 1596502353 1.000000 -1.000000 -101.000000 0.000000 0.000000
26 1596502354 1.000000 -1.000000 -101.000000 0.000000 0.000000
26 1596502355 1.800000 -1.000000 -101.000000 0.000000 0.000000
26 1596502356 1.800000 -1.000000 -101.000000 0.000000 0.000000
26 1596502357 1.800000 -1.000000 -101.000000 0.000000 0.000000
26 1596502358 1.800000 -1.000000 -101.000000 0.000000 0.000000
26 1596502359 1.800000 -1.000000 -101.000000 0.000000 0.000000
26 1596502360 1.200000 -1.000000 -101.000000 0.000000 0.000000
26 1596502361 1.200000 -1.000000 -101.000000 0.000000 0.000000
26 1596502362 1.200000 -1.000000 -101.000000 0.000000 0.000000
26 1596502363 1.200000 -1.000000 -101.000000 0.000000 0.000000
26 1596502364 1.200000 -1.000000 -101.000000 0.000000 0.000000
26 1596502365 1.000000 -1.000000 -101.000000 0.000000 0.000000
26 1596502366 1.000000 -1.000000 -101.000000 0.000000 0.000000
26 1596502367 1.000000 -1.000000 -101.000000 0.000000 0.000000
26 1596502368 1.000000 -1.000000 -101.000000 0.000000 0.000000
26 1596502369 1.000000 -1.000000 -101.000000 0.000000 0.000000
26 1596502370 2.200000 -1.000000 -101.000000 0.000000 0.000000
26 1596502371 2.200000 -1.000000 -101.000000 0.000000 0.000000
26 1596502372 2.200000 -1.000000 -101.000000 0.000000 0.000000
26 1596502373 2.200000 -1.000000 -101.000000 0.000000 0.000000
26 1596502374 2.200000 -1.000000 -101.000000 0.000000 0.000000
26 1596502375 1.000000 -1.000000 -101.000000 0.000000 0.000000
26 1596502376 1.000000 -1.000000 -101.000000 0.000000 0.000000
26 1596502377 1.000000 -1.000000 -101.000000 0.000000 0.000000
26 1596502378 1.000000 -1.000000 -101.000000 0.000000 0.000000
26 1596502379 1.000000 -1.000000 -101.000000 0.000000 0.000000
26 1596502380 1.600000 -1.000000 -101.000000 0.000000 0.000000
26 1596502381 1.600000 -1.000000 -101.000000 0.000000 0.000000
26 1596502382 1.600000 -1.000000 -101.000000 0.000000 0.000000
26 1596502383 1.600000 -1.000000 -101.000000 0.000000 0.000000
26 1596502384 1.600000 -1.000000 -101.000000 0.000000 0.000000
26 1596502385 1.200000 -1.000000 -101.000000 0.000000 0.000000
26 1596502386 1.200000 -1.000000 -101.000000 0.000000 0.000000
26 1596502387 1.200000 -1.000000 -101.000000 0.000000 0.000000
26 1596502388 1.200000 -1.000000 -101.000000 0.000000 0.000000
26 1596502389 1.200000 -1.000000 -101.000000 0.000000 0.000000
26 1596502390 2.000000 -1.000000 -101.000000 0.000000 0.000000
26 1596502391 2.000000 -1.000000 -101.000000 0.000000 0.000000
26 1596502392 2.000000 -1.000000 -101.000000 0.000000 0.000000
26 1596502393 2.000000 -1.000000 -101.000000 0.000000 0.000000
26 1596502394 2.000000 -1.000000 -101.000000 0.000000 0.000000
26 1596502395 2.600000 -1.000000 -101.000000 0.000000 0.000000
26 1596502396 2.600000 -1.000000 -101.000000 0.000000 0.000000
26 1596502397 2.600000 -1.000000 -101.000000 0.000000 0.000000
26 1596502398 2.600000 -1.000000 -101.000000 0.000000 0.000000
26 1596502399 2.600000 -1.000000 -101.000000 0.000000 0.000000
26 1596502400 1.200000 -1.000000 -101.000000 0.000000 0.000000
26 1596502401 1.200000 -1.000000 -101.000000 0.000000 0.000000
26 1596502402 1.200000 -1.000000 -101.000000 0.000000 0.000000
26 1596502403 1.200000 -1.000000 -101.000000 0.000000 0.000000
26 1596502404 1.200000 -1.000000 -101.000000 0.000000 0.000000
26 1596502405 1.200000 -1.000000 -101.000000 0.000000 0.000000
26 1596502406 1.200000 -1.000000 -101.000000 0.000000 0.000000
26 1596502407 1.200000 -1.000000 -101.000000 0.000000 0.000000
26 1596502408 1.200000 -1.000000 -101.000000 0.000000 0.000000
26 1596502409 1.200000 -1.000000 -101.000000 0.000000 0.000000
26 1596502410 1.200000 -1.000000 -101.000000 0.000000 0.000000
26 1596502411 1.200000 -1.000000 -101.000000 0.000000 0.000000
26 1596502412 1.200000 -1.000000 -101.000000 0.000000 0.000000
26 1596502413 1.200000 -1.000000 -101.000000 0.000000 0.000000
26 1596502414 1.200000 -1.000000 -101.000000 0.000000 0.000000
26 1596502415 1.200000 -1.000000 -101.000000 0.000000 0.000000
26 1596502416 1.200000 -1.000000 -101.000000 0.000000 0.000000
26 1596502417 1.200000 -1.000000 -101.000000 0.000000 0.000000
26 1596502418 1.200000 -1.000000 -101.000000 0.000000 0.000000
26 1596502419 1.200000 -1.000000 -101.000000 0.000000 0.000000
26 1596502420 0.200000 -1.000000 -101.000000 0.000000 0.000000
26 1596502421 0.200000 -1.000000 -101.000000 0.000000 0.000000
26 1596502422 0.200000 -1.000000 -101.000000 0.000000 0.000000
26 1596502423 0.200000 -1.000000 -101.000000 0.000000 0.000000
26 1596502424 0.200000 -1.000000 -101.000000 0.000000 0.000000
26 1596502425 0.800000 -1.000000 -101.000000 0.000000 0.000000
26 1596502426 0.800000 -1.000000 -101.000000 0.000000 0.000000
26 1596502427 0.800000 -1.000000 -101.000000 0.000000 0.000000
26 1596502428 0.800000 -1.000000 -101.000000 0.000000 0.000000
26 1596502429 0.800000 -1.000000 -101.000000 0.000000 0.000000
26 1596502430 1.400000 -1.000000 -101.000000 0.000000 0.000000
26 1596502431 1.400000 -1.000000 -101.000000 0.000000 0.000000
26 1596502432 1.400000 -1.000000 -101.000000 0.000000 0.000000
26 1596502433 1.400000 -1.000000 -101.000000 0.000000 0.000000
26 1596502434 1.400000 -1.000000 -101.000000 0.000000 0.000000
26 1596502435 1.400000 -1.000000 -101.000000 0.000000 0.000000
26 1596502436 1.400000 -1.000000 -101.000000 0.000000 0.000000
26 1596502437 1.400000 -1.000000 -101.000000 0.000000 0.000000
26 1596502438 1.400000 -1.000000 -101.000000 0.000000 0.000000
26 1596502439 1.400000 -1.000000 -101.000000 0.000000 0.000000
26 1596502440 1.400000 -1.000000 -101.000000 0.000000 0.000000
26 1596502441 1.400000 -1.000000 -101.000000 0.000000 0.000000
26 1596502442 1.400000 -1.000000 -101.000000 0.000000 0.000000
26 1596502443 1.400000 -1.000000 -101.000000 0.000000 0.000000
26 1596502444 1.400000 -1.000000 -101.000000 0.000000 0.000000
26 1596502445 1.000000 -1.000000 -101.000000 0.000000 0.000000
26 1596502446 1.000000 -1.000000 -101.000000 0.000000 0.000000
26 1596502447 1.000000 -1.000000 -101.000000 0.000000 0.000000
26 1596502448 1.000000 -1.000000 -101.000000 0.000000 0.000000
26 1596502449 1.000000 -1.000000 -101.000000 0.000000 0.000000
26 1596502450 1.600000 -1.000000 -101.000000 0.000000 0.000000
26 1596502451 1.600000 -1.000000 -101.000000 0.000000 0.000000
26 1596502452 1.600000 -1.000000 -101.000000 0.000000 0.000000
26 1596502453 1.600000 -1.000000 -101.000000 0.000000 0.000000
26 1596502454 1.600000 -1.000000 -101.000000 0.000000 0.000000
26 1596502455 1.200000 -1.000000 -101.000000 0.000000 0.000000
26 1596502456 1.200000 -1.000000 -101.000000 0.000000 0.000000
26 1596502457 1.200000 -1.000000 -101.000000 0.000000 0.000000
26 1596502458 1.200000 -1.000000 -101.000000 0.000000 0.000000
26 1596502459 1.200000 -1.000000 -101.000000 0.000000 0.000000
26 1596502460 1.400000 -1.000000 -101.000000 0.000000 0.000000
26 1596502461 1.400000 -1.000000 -101.000000 0.000000 0.000000
26 1596502462 1.400000 -1.000000 -101.000000 0.000000 0.000000
26 1596502463 1.400000 -1.000000 -101.000000 0.000000 0.000000
26 1596502464 1.400000 -1.000000 -101.000000 0.000000 0.000000
26 1596502465 1.600000 -1.000000 -101.000000 0.000000 0.000000
26 1596502466 1.600000 -1.000000 -101.000000 0.000000 0.000000
26 1596502467 1.600000 -1.000000 -101.000000 0.000000 0.000000
26 1596502468 1.600000 -1.000000 -101.000000 0.000000 0.000000
26 1596502469 1.600000 -1.000000 -101.000000 0.000000 0.000000
26 1596502470 2.600000 -1.000000 -101.000000 0.000000 0.000000
26 1596502471 2.600000 -1.000000 -101.000000 0.000000 0.000000
26 1596502472 2.600000 -1.000000 -101.000000 0.000000 0.000000
26 1596502473 2.600000 -1.000000 -101.000000 0.000000 0.000000
26 1596502474 2.600000 -1.000000 -101.000000 0.000000 0.000000
26 1596502475 1.400000 -1.000000 -101.000000 0.000000 0.000000
26 1596502476 1.400000 -1.000000 -101.000000 0.000000 0.000000
26 1596502477 1.400000 -1.000000 -101.000000 0.000000 0.000000
26 1596502478 1.400000 -1.000000 -101.000000 0.000000 0.000000
26 1596502479 1.400000 -1.000000 -101.000000 0.000000 0.000000
26 1596502480 1.600000 -1.000000 -101.000000 0.000000 0.000000
26 1596502481 1.600000 -1.000000 -101.000000 0.000000 0.000000
26 1596502482 1.600000 -1.000000 -101.000000 0.000000 0.000000
26 1596502483 1.600000 -1.000000 -101.000000 0.000000 0.000000
26 1596502484 1.600000 -1.000000 -101.000000 0.000000 0.000000
26 1596502485 1.600000 -1.000000 -101.000000 0.000000 0.000000
26 1596502486 1.600000 -1.000000 -101.000000 0.000000 0.000000
26 1596502487 1.600000 -1.000000 -101.000000 0.000000 0.000000
26 1596502488 1.600000 -1.000000 -101.000000 0.000000 0.000000
26 1596502489 1.600000 -1.000000 -101.000000 0.000000 0.000000
26 1596502490 1.400000 -1.000000 -101.000000 0.000000 0.000000
26 1596502491 1.400000 -1.000000 -101.000000 0.000000 0.000000
26 1596502492 1.400000 -1.000000 -101.000000 0.000000 0.000000
26 1596502493 1.400000 -1.000000 -101.000000 0.000000 0.000000
26 1596502494 1.400000 -1.000000 -101.000000 0.000000 0.000000
26 1596502495 1.200000 -1.000000 -101.000000 0.000000 0.000000
26 1596502496 1.200000 -1.000000 -101.000000 0.000000 0.000000
26 1596502497 1.200000 -1.000000 -101.000000 0.000000 0.000000
26 1596502498 1.200000 -1.000000 -101.000000 0.000000 0.000000
26 1596502499 1.200000 -1.000000 -101.000000 0.000000 0.000000
26 1596502500 1.400000 -1.000000 -101.000000 0.000000 0.000000
26 1596502501 1.400000 -1.000000 -101.000000 0.000000 0.000000
26 1596502502 1.400000 -1.000000 -101.000000 0.000000 0.000000
26 1596502503 1.400000 -1.000000 -101.000000 0.000000 0.000000
26 1596502504 1.400000 -1.000000 -101.000000 0.000000 0.000000
26 1596502505 1.400000 -1.000000 -101.000000 0.000000 0.000000
26 1596502506 1.400000 -1.000000 -101.000000 0.000000 0.000000
26 1596502507 1.400000 -1.000000 -101.000000 0.000000 0.000000
26 1596502508 1.400000 -1.000000 -101.000000 0.000000 0.000000
26 1596502509 1.400000 -1.000000 -101.000000 0.000000 0.000000
26 1596502510 1.800000 -1.000000 -101.000000 0.000000 0.000000
26 1596502511 1.800000 -1.000000 -101.000000 0.000000 0.000000
26 1596502512 1.800000 -1.000000 -101.000000 0.000000 0.000000
26 1596502513 1.800000 -1.000000 -101.000000 0.000000 0.000000
26 1596502514 1.800000 -1.000000 -101.000000 0.000000 0.000000
26 1596502515 0.600000 -1.000000 -101.000000 0.000000 0.000000
26 1596502516 0.600000 -1.000000 -101.000000 0.000000 0.000000
26 1596502517 0.600000 -1.000000 -101.000000 0.000000 0.000000
26 1596502518 0.600000 -1.000000 -101.000000 0.000000 0.000000
26 1596502519 0.600000 -1.000000 -101.000000 0.000000 0.000000
26 1596502520 1.000000 -1.000000 -101.000000 0.000000 0.000000
26 1596502521 1.000000 -1.000000 -101.000000 0.000000 0.000000
26 1596502522 1.000000 -1.000000 -101.000000 0.000000 0.000000
26 1596502523 1.000000 -1.000000 -101.000000 0.000000 0.000000
26 1596502524 1.000000 -1.000000 -101.000000 0.000000 0.000000
26 1596502525 0.600000 -1.000000 -101.000000 0.000000 0.000000
26 1596502526 0.600000 -1.000000 -101.000000 0.000000 0.000000
26 1596502527 0.600000 -1.000000 -101.000000 0.000000 0.000000
26 1596502528 0.600000 -1.000000 -101.000000 0.000000 0.000000
26 1596502529 0.600000 -1.000000 -101.000000 0.000000 0.000000
26 1596502530 1.600000 -1.000000 -101.000000 0.000000 0.000000
26 1596502531 1.600000 -1.000000 -101.000000 0.000000 0.000000
26 1596502532 1.600000 -1.000000 -101.000000 0.000000 0.000000
26 1596502533 1.600000 -1.000000 -101.000000 0.000000 0.000000
26 1596502534 1.600000 -1.000000 -101.000000 0.000000 0.000000
26 1596502535 1.000000 -1.000000 -101.000000 0.000000 0.000000
26 1596502536 1.000000 -1.000000 -101.000000 0.000000 0.000000
26 1596502537 1.000000 -1.000000 -101.000000 0.000000 0.000000
26 1596502538 1.000000 -1.000000 -101.000000 0.000000 0.000000
26 1596502539 1.000000 -1.000000 -101.000000 0.000000 0.000000
26 1596502540 1.400000 -1.000000 -101.000000 0.000000 0.000000
26 1596502541 1.400000 -1.000000 -101.000000 0.000000 0.000000
26 1596502542 1.400000 -1.000000 -101.000000 0.000000 0.000000
26 1596502543 1.400000 -1.000000 -101.000000 0.000000 0.000000
26 1596502544 1.400000 -1.000000 -101.000000 0.000000 0.000000
26 1596502545 1.400000 -1.000000 -101.000000 0.000000 0.000000
26 1596502546 1.400000 -1.000000 -101.000000 0.000000 0.000000
26 1596502547 1.400000 -1.000000 -101.000000 0.000000 0.000000
26 1596502548 1.400000 -1.000000 -101.000000 0.000000 0.000000
26 1596502549 1.400000 -1.000000 -101.000000 0.000000 0.000000
26 1596502550 1.600000 -1.000000 -101.000000 0.000000 0.000000
26 1596502551 1.600000 -1.000000 -101.000000 0.000000 0.000000
26 1596502552 1.600000 -1.000000 -101.000000 0.000000 0.000000
26 1596502553 1.600000 -1.000000 -101.000000 0.000000 0.000000
26 1596502554 1.600000 -1.000000 -101.000000 0.000000 0.000000
26 1596502555 0.800000 -1.000000 -101.000000 0.000000 0.000000
26 1596502556 0.800000 -1.000000 -101.000000 0.000000 0.000000
26 1596502557 0.800000 -1.000000 -101.000000 0.000000 0.000000
26 1596502558 0.800000 -1.000000 -101.000000 0.000000 0.000000
26 1596502559 0.800000 -1.000000 -101.000000 0.000000 0.000000
26 1596502560 0.800000 -1.000000 -101.000000 0.000000 0.000000
26 1596502561 0.800000 -1.000000 -101.000000 0.000000 0.000000
26 1596502562 0.800000 -1.000000 -101.000000 0.000000 0.000000
26 1596502563 0.800000 -1.000000 -101.000000 0.000000 0.000000
26 1596502564 0.800000 -1.000000 -101.000000 0.000000 0.000000
26 1596502565 1.800000 -1.000000 -101.000000 0.000000 0.000000
26 1596502566 1.800000 -1.000000 -101.000000 0.000000 0.000000
26 1596502567 1.800000 -1.000000 -101.000000 0.000000 0.000000
26 1596502568 1.800000 -1.000000 -101.000000 0.000000 0.000000
26 1596502569 1.800000 -1.000000 -101.000000 0.000000 0.000000
26 1596502570 2.000000 -1.000000 -101.000000 0.000000 0.000000
26 1596502571 2.000000 -1.000000 -101.000000 0.000000 0.000000
26 1596502572 2.000000 -1.000000 -101.000000 0.000000 0.000000
26 1596502573 2.000000 -1.000000 -101.000000 0.000000 0.000000
26 1596502574 2.000000 -1.000000 -101.000000 0.000000 0.000000
26 1596502575 1.400000 -1.000000 -101.000000 0.000000 0.000000
26 1596502576 1.400000 -1.000000 -101.000000 0.000000 0.000000
26 1596502577 1.400000 -1.000000 -101.000000 0.000000 0.000000
26 1596502578 1.400000 -1.000000 -101.000000 0.000000 0.000000
26 1596502579 1.400000 -1.000000 -101.000000 0.000000 0.000000
26 1596502580 1.800000 -1.000000 -101.000000 0.000000 0.000000
26 1596502581 1.800000 -1.000000 -101.000000 0.000000 0.000000
26 1596502582 1.800000 -1.000000 -101.000000 0.000000 0.000000
26 1596502583 1.800000 -1.000000 -101.000000 0.000000 0.000000
26 1596502584 1.800000 -1.000000 -101.000000 0.000000 0.000000
26 1596502585 2.000000 -1.000000 -101.000000 0.000000 0.000000
26 1596502586 2.000000 -1.000000 -101.000000 0.000000 0.000000
26 1596502587 2.000000 -1.000000 -101.000000 0.000000 0.000000
26 1596502588 2.000000 -1.000000 -101.000000 0.000000 0.000000
26 1596502589 2.000000 -1.000000 -101.000000 0.000000 0.000000
26 1596502590 1.600000 -1.000000 -101.000000 0.000000 0.000000
26 1596502591 1.600000 -1.000000 -101.000000 0.000000 0.000000
26 1596502592 1.600000 -1.000000 -101.000000 0.000000 0.000000
26 1596502593 1.600000 -1.000000 -101.000000 0.000000 0.000000
26 1596502594 1.600000 -1.000000 -101.000000 0.000000 0.000000
26 1596502595 1.600000 -1.000000 -101.000000 0.000000 0.000000
26 1596502596 1.600000 -1.000000 -101.000000 0.000000 0.000000
26 1596502597 1.600000 -1.000000 -101.000000 0.000000 0.000000
26 1596502598 1.600000 -1.000000 -101.000000 0.000000 0.000000
26 1596502599 1.600000 -1.000000 -101.000000 0.000000 0.000000
26 1596502600 1.000000 -1.000000 -101.000000 0.000000 0.000000
26 1596502601 1.000000 -1.000000 -101.000000 0.000000 0.000000
26 1596502602 1.000000 -1.000000 -101.000000 0.000000 0.000000
26 1596502603 1.000000 -1.000000 -101.000000 0.000000 0.000000
26 1596502604 1.000000 -1.000000 -101.000000 0.000000 0.000000
26 1596502605 1.800000 -1.000000 -101.000000 0.000000 0.000000
26 1596502606 1.800000 -1.000000 -101.000000 0.000000 0.000000
26 1596502607 1.800000 -1.000000 -101.000000 0.000000 0.000000
26 1596502608 1.800000 -1.000000 -101.000000 0.000000 0.000000
26 1596502609 1.800000 -1.000000 -101.000000 0.000000 0.000000
26 1596502610 2.000000 -1.000000 -101.000000 0.000000 0.000000
26 1596502611 2.000000 -1.000000 -101.000000 0.000000 0.000000
26 1596502612 2.000000 -1.000000 -101.000000 0.000000 0.000000
26 1596502674 1.200000 -1.000000 1.200000 1.200000 0.000000
26 1596502673 1.200000 -1.000000 1.200000 1.200000 0.000000
26 1596502672 1.200000 -1.000000 1.200000 1.200000 0.000000
26 1596502671 1.200000 -1.000000 1.200000 1.200000 0.000000
26 1596502670 1.200000 -1.000000 1.200000 1.200000 0.000000
26 1596502669 1.800000 -1.000000 1.800000 1.800000 0.000000
26 1596502668 1.800000 -1.000000 1.800000 1.800000 0.000000
26 1596502667 1.800000 -1.000000 1.800000 1.800000 0.000000
26 1596502666 1.800000 -1.000000 1.800000 1.800000 0.000000
26 1596502665 1.800000 -1.000000 1.800000 1.800000 0.000000
26 1596502664 1.600000 -1.000000 1.600000 1.600000 0.000000
26 1596502663 1.600000 -1.000000 1.600000 1.600000 0.000000
26 1596502662 1.600000 -1.000000 1.600000 1.600000 0.000000
26 1596502661 1.600000 -1.000000 1.600000 1.600000 0.000000
26 1596502660 1.600000 -1.000000 1.600000 1.600000 0.000000
26 1596502659 1.000000 -1.000000 1.000000 1.000000 0.000000
26 1596502658 1.000000 -1.000000 1.000000 1.000000 0.000000
26 1596502657 1.000000 -1.000000 1.000000 1.000000 0.000000
26 1596502656 1.000000 -1.000000 1.000000 1.000000 0.000000
26 1596502655 1.000000 -1.000000 1.000000 1.000000 0.000000
26 1596502654 1.200000 -1.000000 1.200000 1.200000 0.000000
26 1596502653 1.200000 -1.000000 1.200000 1.200000 0.000000
26 1596502652 1.200000 -1.000000 1.200000 1.200000 0.000000
26 1596502651 1.200000 -1.000000 1.200000 1.200000 0.000000
26 1596502650 1.200000 -1.000000 1.200000 1.200000 0.000000
26 1596502649 1.600000 -1.000000 1.600000 1.600000 0.000000
26 1596502648 1.600000 -1.000000 1.600000 1.600000 0.000000
26 1596502647 1.600000 -1.000000 1.600000 1.600000 0.000000
26 1596502646 1.600000 -1.000000 1.600000 1.600000 0.000000
26 1596502645 1.600000 -1.000000 1.600000 1.600000 0.000000
26 1596502644 1.000000 -1.000000 1.000000 1.000000 0.000000
26 1596502643 1.000000 -1.000000 1.000000 1.000000 0.000000
26 1596502642 1.000000 -1.000000 1.000000 1.000000 0.000000
26 1596502641 1.000000 -1.000000 1.000000 1.000000 0.000000
26 1596502640 1.000000 -1.000000 1.000000 1.000000 0.000000
26 1596502639 0.800000 -1.000000 0.800000 0.800000 0.000000
26 1596502638 0.800000 -1.000000 0.800000 0.800000 0.000000
26 1596502637 0.800000 -1.000000 0.800000 0.800000 0.000000
26 1596502636 0.800000 -1.000000 0.800000 0.800000 0.000000
26 1596502635 0.800000 -1.000000 0.800000 0.800000 0.000000
26 1596502634 0.400000 -1.000000 0.400000 0.400000 0.000000
26 1596502633 0.400000 -1.000000 0.400000 0.400000 0.000000
26 1596502632 0.400000 -1.000000 0.400000 0.400000 0.000000
26 1596502631 0.400000 -1.000000 0.400000 0.400000 0.000000
26 1596502630 0.400000 -1.000000 0.400000 0.400000 0.000000
26 1596502629 1.200000 -1.000000 1.200000 1.200000 0.000000
26 1596502628 1.200000 -1.000000 1.200000 1.200000 0.000000
26 1596502627 1.200000 -1.000000 1.200000 1.200000 0.000000
26 1596502626 1.200000 -1.000000 1.200000 1.200000 0.000000
26 1596502625 1.200000 -1.000000 1.200000 1.200000 0.000000
26 1596502624 1.200000 -1.000000 1.200000 1.200000 0.000000
26 1596502623 1.200000 -1.000000 1.200000 1.200000 0.000000
26 1596502622 1.200000 -1.000000 1.200000 1.200000 0.000000
26 1596502621 1.200000 -1.000000 1.200000 1.200000 0.000000
26 1596502620 1.200000 -1.000000 1.200000 1.200000 0.000000
26 1596502619 1.200000 -1.000000 1.200000 1.200000 0.000000
26 1596502618 1.200000 -1.000000 1.200000 1.200000 0.000000
26 1596502617 1.200000 -1.000000 1.200000 1.200000 0.000000
26 1596502616 1.200000 -1.000000 1.200000 1.200000 0.000000
26 1596502615 1.200000 -1.000000 1.200000 1.200000 0.000000
26 1596502614 2.000000 -1.000000 2.000000 2.000000 0.000000
26 1596502613 2.000000 -1.000000 2.000000 2.000000 0.000000
26 1596502613 2.000000 -1.000000 -101.000000 0.000000 0.000000
26 1596502614 2.000000 -1.000000 -101.000000 0.000000 0.000000
26 1596502615 1.200000 -1.000000 -101.000000 0.000000 0.000000
26 1596502616 1.200000 -1.000000 -101.000000 0.000000 0.000000
26 1596502617 1.200000 -1.000000 -101.000000 0.000000 0.000000
26 1596502618 1.200000 -1.000000 -101.000000 0.000000 0.000000
26 1596502619 1.200000 -1.000000 -101.000000 0.000000 0.000000
26 1596502620 1.200000 -1.000000 -101.000000 0.000000 0.000000
26 1596502621 1.200000 -1.000000 -101.000000 0.000000 0.000000
26 1596502622 1.200000 -1.000000 -101.000000 0.000000 0.000000
26 1596502623 1.200000 -1.000000 -101.000000 0.000000 0.000000
26 1596502624 1.200000 -1.000000 -101.000000 0.000000 0.000000
26 1596502625 1.200000 -1.000000 -101.000000 0.000000 0.000000
26 1596502626 1.200000 -1.000000 -101.000000 0.000000 0.000000
26 1596502627 1.200000 -1.000000 -101.000000 0.000000 0.000000
26 1596502628 1.200000 -1.000000 -101.000000 0.000000 0.000000
26 1596502629 1.200000 -1.000000 -101.000000 0.000000 0.000000
26 1596502630 0.400000 -1.000000 -101.000000 0.000000 0.000000
26 1596502631 0.400000 -1.000000 -101.000000 0.000000 0.000000
26 1596502632 0.400000 -1.000000 -101.000000 0.000000 0.000000
26 1596502633 0.400000 -1.000000 -101.000000 0.000000 0.000000
26 1596502634 0.400000 -1.000000 -101.000000 0.000000 0.000000
26 1596502635 0.800000 -1.000000 -101.000000 0.000000 0.000000
26 1596502636 0.800000 -1.000000 -101.000000 0.000000 0.000000
26 1596502637 0.800000 -1.000000 -101.000000 0.000000 0.000000
26 1596502638 0.800000 -1.000000 -101.000000 0.000000 0.000000
26 1596502639 0.800000 -1.000000 -101.000000 0.000000 0.000000
26 1596502640 1.000000 -1.000000 -101.000000 0.000000 0.000000
26 1596502641 1.000000 -1.000000 -101.000000 0.000000 0.000000
26 1596502642 1.000000 -1.000000 -101.000000 0.000000 0.000000
26 1596502643 1.000000 -1.000000 -101.000000 0.000000 0.000000
26 1596502644 1.000000 -1.000000 -101.000000 0.000000 0.000000
26 1596502645 1.600000 -1.000000 -101.000000 0.000000 0.000000
26 1596502646 1.600000 -1.000000 -101.000000 0.000000 0.000000
26 1596502647 1.600000 -1.000000 -101.000000 0.000000 0.000000
26 1596502648 1.600000 -1.000000 -101.000000 0.000000 0.000000
26 1596502649 1.600000 -1.000000 -101.000000 0.000000 0.000000
26 1596502650 1.200000 -1.000000 -101.000000 0.000000 0.000000
26 1596502651 1.200000 -1.000000 -101.000000 0.000000 0.000000
26 1596502652 1.200000 -1.000000 -101.000000 0.000000 0.000000
26 1596502653 1.200000 -1.000000 -101.000000 0.000000 0.000000
26 1596502654 1.200000 -1.000000 -101.000000 0.000000 0.000000
26 1596502655 1.000000 -1.000000 -101.000000 0.000000 0.000000
26 1596502656 1.000000 -1.000000 -101.000000 0.000000 0.000000
26 1596502657 1.000000 -1.000000 -101.000000 0.000000 0.000000
26 1596502658 1.000000 -1.000000 -101.000000 0.000000 0.000000
26 1596502659 1.000000 -1.000000 -101.000000 0.000000 0.000000
26 1596502660 1.600000 -1.000000 -101.000000 0.000000 0.000000
26 1596502661 1.600000 -1.000000 -101.000000 0.000000 0.000000
26 1596502662 1.600000 -1.000000 -101.000000 0.000000 0.000000
26 1596502663 1.600000 -1.000000 -101.000000 0.000000 0.000000
26 1596502664 1.600000 -1.000000 -101.000000 0.000000 0.000000
26 1596502665 1.800000 -1.000000 -101.000000 0.000000 0.000000
26 1596502666 1.800000 -1.000000 -101.000000 0.000000 0.000000
26 1596502667 1.800000 -1.000000 -101.000000 0.000000 0.000000
26 1596502668 1.800000 -1.000000 -101.000000 0.000000 0.000000
26 1596502669 1.800000 -1.000000 -101.000000 0.000000 0.000000
26 1596502670 1.200000 -1.000000 -101.000000 0.000000 0.000000
26 1596502671 1.200000 -1.000000 -101.000000 0.000000 0.000000
26 1596502672 1.200000 -1.000000 -101.000000 0.000000 0.000000
26 1596502673 1.200000 -1.000000 -101.000000 0.000000 0.000000
26 1596502674 1.200000 -1.000000 -101.000000 0.000000 0.000000
26 1596502675 1.800000 -1.000000 -101.000000 0.000000 0.000000
26 1596502676 1.800000 -1.000000 -101.000000 0.000000 0.000000
26 1596502677 1.800000 -1.000000 -101.000000 0.000000 0.000000
26 1596502678 1.800000 -1.000000 -101.000000 0.000000 0.000000
26 1596502679 1.800000 -1.000000 -101.000000 0.000000 0.000000
26 1596502680 2.200000 -1.000000 -101.000000 0.000000 0.000000
26 1596502681 2.200000 -1.000000 -101.000000 0.000000 0.000000
26 1596502682 2.200000 -1.000000 -101.000000 0.000000 0.000000
26 1596502683 2.200000 -1.000000 -101.000000 0.000000 0.000000
26 1596502684 2.200000 -1.000000 -101.000000 0.000000 0.000000
26 1596502685 1.600000 -1.000000 -101.000000 0.000000 0.000000
26 1596502686 1.600000 -1.000000 -101.000000 0.000000 0.000000
26 1596502687 1.600000 -1.000000 -101.000000 0.000000 0.000000
26 1596502688 1.600000 -1.000000 -101.000000 0.000000 0.000000
26 1596502689 1.600000 -1.000000 -101.000000 0.000000 0.000000
26 1596502690 0.600000 -1.000000 -101.000000 0.000000 0.000000
26 1596502691 0.600000 -1.000000 -101.000000 0.000000 0.000000
26 1596502692 0.600000 -1.000000 -101.000000 0.000000 0.000000
26 1596502693 0.600000 -1.000000 -101.000000 0.000000 0.000000
26 1596502694 0.600000 -1.000000 -101.000000 0.000000 0.000000
26 1596502695 1.000000 -1.000000 -101.000000 0.000000 0.000000
26 1596502696 1.000000 -1.000000 -101.000000 0.000000 0.000000
26 1596502697 1.000000 -1.000000 -101.000000 0.000000 0.000000
26 1596502698 1.000000 -1.000000 -101.000000 0.000000 0.000000
26 1596502699 1.000000 -1.000000 -101.000000 0.000000 0.000000
26 1596502700 2.200000 -1.000000 -101.000000 0.000000 0.000000
26 1596502701 2.200000 -1.000000 -101.000000 0.000000 0.000000
26 1596502702 2.200000 -1.000000 -101.000000 0.000000 0.000000
26 1596502703 2.200000 -1.000000 -101.000000 0.000000 0.000000
26 1596502704 2.200000 -1.000000 -101.000000 0.000000 0.000000
26 1596502705 0.800000 -1.000000 -101.000000 0.000000 0.000000
26 1596502706 0.800000 -1.000000 -101.000000 0.000000 0.000000
26 1596502707 0.800000 -1.000000 -101.000000 0.000000 0.000000
26 1596502708 0.800000 -1.000000 -101.000000 0.000000 0.000000
26 1596502709 0.800000 -1.000000 -101.000000 0.000000 0.000000
26 1596502710 1.600000 -1.000000 -101.000000 0.000000 0.000000
26 1596502711 1.600000 -1.000000 -101.000000 0.000000 0.000000
26 1596502712 1.600000 -1.000000 -101.000000 0.000000 0.000000
26 1596502713 1.600000 -1.000000 -101.000000 0.000000 0.000000
26 1596502714 1.600000 -1.000000 -101.000000 0.000000 0.000000
26 1596502715 1.200000 -1.000000 -101.000000 0.000000 0.000000
26 1596502716 1.200000 -1.000000 -101.000000 0.000000 0.000000
26 1596502717 1.200000 -1.000000 -101.000000 0.000000 0.000000
26 1596502718 1.200000 -1.000000 -101.000000 0.000000 0.000000
26 1596502719 1.200000 -1.000000 -101.000000 0.000000 0.000000
26 1596502720 2.200000 -1.000000 -101.000000 0.000000 0.000000
26 1596502721 2.200000 -1.000000 -101.000000 0.000000 0.000000
26 1596502722 2.200000 -1.000000 -101.000000 0.000000 0.000000
26 1596502723 2.200000 -1.000000 -101.000000 0.000000 0.000000
26 1596502724 2.200000 -1.000000 -101.000000 0.000000 0.000000
26 1596502725 1.000000 -1.000000 -101.000000 0.000000 0.000000
26 1596502726 1.000000 -1.000000 -101.000000 0.000000 0.000000
26 1596502727 1.000000 -1.000000 -101.000000 0.000000 0.000000
26 1596502728 1.000000 -1.000000 -101.000000 0.000000 0.000000
26 1596502729 1.000000 -1.000000 -101.000000 0.000000 0.000000
26 1596502730 1.200000 -1.000000 -101.000000 0.000000 0.000000
26 1596502731 1.200000 -1.000000 -101.000000 0.000000 0.000000
26 1596502732 1.200000 -1.000000 -101.000000 0.000000 0.000000
26 1596502733 1.200000 -1.000000 -101.000000 0.000000 0.000000
26 1596502734 1.200000 -1.000000 -101.000000 0.000000 0.000000
26 1596502735 2.200000 -1.000000 -101.000000 0.000000 0.000000
26 1596502736 2.200000 -1.000000 -101.000000 0.000000 0.000000
26 1596502737 2.200000 -1.000000 -101.000000 0.000000 0.000000
26 1596502738 2.200000 -1.000000 -101.000000 0.000000 0.000000
26 1596502739 2.200000 -1.000000 -101.000000 0.000000 0.000000
26 1596502740 1.000000 -1.000000 -101.000000 0.000000 0.000000
26 1596502741 1.000000 -1.000000 -101.000000 0.000000 0.000000
26 1596502742 1.000000 -1.000000 -101.000000 0.000000 0.000000
26 1596502743 1.000000 -1.000000 -101.000000 0.000000 0.000000
26 1596502744 1.000000 -1.000000 -101.000000 0.000000 0.000000
26 1596502745 1.400000 -1.000000 -101.000000 0.000000 0.000000
26 1596502746 1.400000 -1.000000 -101.000000 0.000000 0.000000
26 1596502747 1.400000 -1.000000 -101.000000 0.000000 0.000000
26 1596502748 1.400000 -1.000000 -101.000000 0.000000 0.000000
26 1596502749 1.400000 -1.000000 -101.000000 0.000000 0.000000
26 1596502750 1.600000 -1.000000 -101.000000 0.000000 0.000000
26 1596502751 1.600000 -1.000000 -101.000000 0.000000 0.000000
26 1596502752 1.600000 -1.000000 -101.000000 0.000000 0.000000
26 1596502753 1.600000 -1.000000 -101.000000 0.000000 0.000000
26 1596502754 1.600000 -1.000000 -101.000000 0.000000 0.000000
26 1596502755 2.000000 -1.000000 -101.000000 0.000000 0.000000
26 1596502756 2.000000 -1.000000 -101.000000 0.000000 0.000000
26 1596502757 2.000000 -1.000000 -101.000000 0.000000 0.000000
26 1596502758 2.000000 -1.000000 -101.000000 0.000000 0.000000
26 1596502759 2.000000 -1.000000 -101.000000 0.000000 0.000000
26 1596502760 0.400000 -1.000000 -101.000000 0.000000 0.000000
26 1596502761 0.400000 -1.000000 -101.000000 0.000000 0.000000
26 1596502762 0.400000 -1.000000 -101.000000 0.000000 0.000000
26 1596502763 0.400000 -1.000000 -101.000000 0.000000 0.000000
26 1596502764 0.400000 -1.000000 -101.000000 0.000000 0.000000
26 1596502765 0.600000 -1.000000 -101.000000 0.000000 0.000000
26 1596502766 0.600000 -1.000000 -101.000000 0.000000 0.000000
26 1596502767 0.600000 -1.000000 -101.000000 0.000000 0.000000
26 1596502768 0.600000 -1.000000 -101.000000 0.000000 0.000000
26 1596502769 0.600000 -1.000000 -101.000000 0.000000 0.000000
26 1596502770 1.200000 -1.000000 -101.000000 0.000000 0.000000
26 1596502771 1.200000 -1.000000 -101.000000 0.000000 0.000000
26 1596502772 1.200000 -1.000000 -101.000000 0.000000 0.000000
26 1596502773 1.200000 -1.000000 -101.000000 0.000000 0.000000
26 1596502774 1.200000 -1.000000 -101.000000 0.000000 0.000000
26 1596502775 1.600000 -1.000000 -101.000000 0.000000 0.000000
26 1596502776 1.600000 -1.000000 -101.000000 0.000000 0.000000
26 1596502777 1.600000 -1.000000 -101.000000 0.000000 0.000000
26 1596502778 1.600000 -1.000000 -101.000000 0.000000 0.000000
26 1596502779 1.600000 -1.000000 -101.000000 0.000000 0.000000
26 1596502780 0.600000 -1.000000 -101.000000 0.000000 0.000000
26 1596502781 0.600000 -1.000000 -101.000000 0.000000 0.000000
26 1596502782 0.600000 -1.000000 -101.000000 0.000000 0.000000
26 1596502783 0.600000 -1.000000 -101.000000 0.000000 0.000000
26 1596502784 0.600000 -1.000000 -101.000000 0.000000 0.000000
26 1596502785 1.000000 -1.000000 -101.000000 0.000000 0.000000
26 1596502786 1.000000 -1.000000 -101.000000 0.000000 0.000000
26 1596502787 1.000000 -1.000000 -101.000000 0.000000 0.000000
26 1596502788 1.000000 -1.000000 -101.000000 0.000000 0.000000
26 1596502789 1.000000 -1.000000 -101.000000 0.000000 0.000000
26 1596502790 1.800000 -1.000000 -101.000000 0.000000 0.000000
26 1596502791 1.800000 -1.000000 -101.000000 0.000000 0.000000
26 1596502792 1.800000 -1.000000 -101.000000 0.000000 0.000000
26 1596502793 1.800000 -1.000000 -101.000000 0.000000 0.000000
26 1596502794 1.800000 -1.000000 -101.000000 0.000000 0.000000
26 1596502795 1.200000 -1.000000 -101.000000 0.000000 0.000000
26 1596502796 1.200000 -1.000000 -101.000000 0.000000 0.000000
26 1596502797 1.200000 -1.000000 -101.000000 0.000000 0.000000
26 1596502798 1.200000 -1.000000 -101.000000 0.000000 0.000000
26 1596502799 1.200000 -1.000000 -101.000000 0.000000 0.000000
26 1596502800 0.800000 -1.000000 -101.000000 0.000000 0.000000
26 1596502801 0.800000 -1.000000 -101.000000 0.000000 0.000000
26 1596502802 0.800000 -1.000000 -101.000000 0.000000 0.000000
26 1596502803 0.800000 -1.000000 -101.000000 0.000000 0.000000
26 1596502804 0.800000 -1.000000 -101.000000 0.000000 0.000000
26 1596502805 0.800000 -1.000000 -101.000000 0.000000 0.000000
26 1596502806 0.800000 -1.000000 -101.000000 0.000000 0.000000
26 1596502807 0.800000 -1.000000 -101.000000 0.000000 0.000000
26 1596502808 0.800000 -1.000000 -101.000000 0.000000 0.000000
26 1596502809 0.800000 -1.000000 -101.000000 0.000000 0.000000
26 1596502810 1.200000 -1.000000 -101.000000 0.000000 0.000000
26 1596502811 1.200000 -1.000000 -101.000000 0.000000 0.000000
26 1596502812 1.200000 -1.000000 -101.000000 0.000000 0.000000
26 1596502813 1.200000 -1.000000 -101.000000 0.000000 0.000000
26 1596502814 1.200000 -1.000000 -101.000000 0.000000 0.000000
26 1596502815 2.000000 -1.000000 -101.000000 0.000000 0.000000
26 1596502816 2.000000 -1.000000 -101.000000 0.000000 0.000000
26 1596502817 2.000000 -1.000000 -101.000000 0.000000 0.000000
26 1596502818 2.000000 -1.000000 -101.000000 0.000000 0.000000
26 1596502819 2.000000 -1.000000 -101.000000 0.000000 0.000000
26 1596502820 1.200000 -1.000000 -101.000000 0.000000 0.000000
26 1596502821 1.200000 -1.000000 -101.000000 0.000000 0.000000
26 1596502822 1.200000 -1.000000 -101.000000 0.000000 0.000000
26 1596502823 1.200000 -1.000000 -101.000000 0.000000 0.000000
26 1596502824 1.200000 -1.000000 -101.000000 0.000000 0.000000
26 1596502825 2.200000 -1.000000 -101.000000 0.000000 0.000000
26 1596502826 2.200000 -1.000000 -101.000000 0.000000 0.000000
26 1596502827 2.200000 -1.000000 -101.000000 0.000000 0.000000
26 1596502828 2.200000 -1.000000 -101.000000 0.000000 0.000000
26 1596502829 2.200000 -1.000000 -101.000000 0.000000 0.000000
26 1596502830 0.800000 -1.000000 -101.000000 0.000000 0.000000
26 1596502831 0.800000 -1.000000 -101.000000 0.000000 0.000000
26 1596502832 0.800000 -1.000000 -101.000000 0.000000 0.000000
26 1596502833 0.800000 -1.000000 -101.000000 0.000000 0.000000
26 1596502834 0.800000 -1.000000 -101.000000 0.000000 0.000000
26 1596502835 1.600000 -1.000000 -101.000000 0.000000 0.000000
26 1596502836 1.600000 -1.000000 -101.000000 0.000000 0.000000
26 1596502837 1.600000 -1.000000 -101.000000 0.000000 0.000000
26 1596502838 1.600000 -1.000000 -101.000000 0.000000 0.000000
26 1596502839 1.600000 -1.000000 -101.000000 0.000000 0.000000
26 1596502840 1.600000 -1.000000 -101.000000 0.000000 0.000000
26 1596502841 1.600000 -1.000000 -101.000000 0.000000 0.000000
26 1596502842 1.600000 -1.000000 -101.000000 0.000000 0.000000
26 1596502843 1.600000 -1.000000 -101.000000 0.000000 0.000000
26 1596502844 1.600000 -1.000000 -101.000000 0.000000 0.000000
26 1596502845 1.200000 -1.000000 -101.000000 0.000000 0.000000
26 1596502846 1.200000 -1.000000 -101.000000 0.000000 0.000000
26 1596502847 1.200000 -1.000000 -101.000000 0.000000 0.000000
26 1596502848 1.200000 -1.000000 -101.000000 0.000000 0.000000
26 1596502849 1.200000 -1.000000 -101.000000 0.000000 0.000000
26 1596502850 2.000000 -1.000000 -101.000000 0.000000 0.000000
26 1596502851 2.000000 -1.000000 -101.000000 0.000000 0.000000
26 1596502852 2.000000 -1.000000 -101.000000 0.000000 0.000000
26 1596502853 2.000000 -1.000000 -101.000000 0.000000 0.000000
26 1596502854 2.000000 -1.000000 -101.000000 0.000000 0.000000
26 1596502855 1.000000 -1.000000 -101.000000 0.000000 0.000000
26 1596502856 1.000000 -1.000000 -101.000000 0.000000 0.000000
26 1596502857 1.000000 -1.000000 -101.000000 0.000000 0.000000
26 1596502858 1.000000 -1.000000 -101.000000 0.000000 0.000000
26 1596502859 1.000000 -1.000000 -101.000000 0.000000 0.000000
26 1596502860 1.800000 -1.000000 -101.000000 0.000000 0.000000
26 1596502861 1.800000 -1.000000 -101.000000 0.000000 0.000000
26 1596502862 1.800000 -1.000000 -101.000000 0.000000 0.000000
26 1596502863 1.800000 -1.000000 -101.000000 0.000000 0.000000
26 1596502864 1.800000 -1.000000 -101.000000 0.000000 0.000000
26 1596502865 0.800000 -1.000000 -101.000000 0.000000 0.000000
26 1596502866 0.800000 -1.000000 -101.000000 0.000000 0.000000
26 1596502867 0.800000 -1.000000 -101.000000 0.000000 0.000000
26 1596502868 0.800000 -1.000000 -101.000000 0.000000 0.000000
26 1596502869 0.800000 -1.000000 -101.000000 0.000000 0.000000
26 1596502870 1.200000 -1.000000 -101.000000 0.000000 0.000000
26 1596502871 1.200000 -1.000000 -101.000000 0.000000 0.000000
26 1596502872 1.200000 -1.000000 -101.000000 0.000000 0.000000
26 1596502873 1.200000 -1.000000 -101.000000 0.000000 0.000000
26 1596502874 1.200000 -1.000000 -101.000000 0.000000 0.000000
26 1596502875 0.600000 -1.000000 -101.000000 0.000000 0.000000
26 1596502876 0.600000 -1.000000 -101.000000 0.000000 0.000000
26 1596502877 0.600000 -1.000000 -101.000000 0.000000 0.000000
26 1596502878 0.600000 -1.000000 -101.000000 0.000000 0.000000
26 1596502879 0.600000 -1.000000 -101.000000 0.000000 0.000000
26 1596502880 1.600000 -1.000000 -101.000000 0.000000 0.000000
26 1596502881 1.600000 -1.000000 -101.000000 0.000000 0.000000
26 1596502882 1.600000 -1.000000 -101.000000 0.000000 0.000000
26 1596502883 1.600000 -1.000000 -101.000000 0.000000 0.000000
26 1596502884 1.600000 -1.000000 -101.000000 0.000000 0.000000
26 1596502885 1.400000 -1.000000 -101.000000 0.000000 0.000000
26 1596502886 1.400000 -1.000000 -101.000000 0.000000 0.000000
26 1596502887 1.400000 -1.000000 -101.000000 0.000000 0.000000
26 1596502888 1.400000 -1.000000 -101.000000 0.000000 0.000000
26 1596502889 1.400000 -1.000000 -101.000000 0.000000 0.000000
26 1596502890 1.400000 -1.000000 -101.000000 0.000000 0.000000
26 1596502891 1.400000 -1.000000 -101.000000 0.000000 0.000000
26 1596502892 1.400000 -1.000000 -101.000000 0.000000 0.000000
26 1596502893 1.400000 -1.000000 -101.000000 0.000000 0.000000
26 1596502894 1.400000 -1.000000 -101.000000 0.000000 0.000000
26 1596502895 1.000000 -1.000000 -101.000000 0.000000 0.000000
26 1596502896 1.000000 -1.000000 -101.000000 0.000000 0.000000
26 1596502897 1.000000 -1.000000 -101.000000 0.000000 0.000000
26 1596502898 1.000000 -1.000000 -101.000000 0.000000 0.000000
26 1596502899 1.000000 -1.000000 -101.000000 0.000000 0.000000
26 1596502900 0.800000 -1.000000 -101.000000 0.000000 0.000000
26 1596502901 0.800000 -1.000000 -101.000000 0.000000 0.000000
26 1596502902 0.800000 -1.000000 -101.000000 0.000000 0.000000
26 1596502903 0.800000 -1.000000 -101.000000 0.000000 0.000000
26 1596502904 0.800000 -1.000000 -101.000000 0.000000 0.000000
26 1596502905 0.800000 -1.000000 -101.000000 0.000000 0.000000
26 1596502906 0.800000 -1.000000 -101.000000 0.000000 0.000000
26 1596502907 0.800000 -1.000000 -101.000000 0.000000 0.000000
26 1596502908 0.800000 -1.000000 -101.000000 0.000000 0.000000
26 1596502909 0.800000 -1.000000 -101.000000 0.000000 0.000000
26 1596502910 1.800000 -1.000000 -101.000000 0.000000 0.000000
26 1596502911 1.800000 -1.000000 -101.000000 0.000000 0.000000
26 1596502912 1.800000 -1.000000 -101.000000 0.000000 0.000000
26 1596502913 1.800000 -1.000000 -101.000000 0.000000 0.000000
26 1596502914 1.800000 -1.000000 -101.000000 0.000000 0.000000
26 1596502915 1.400000 -1.000000 -101.000000 0.000000 0.000000
26 1596502916 1.400000 -1.000000 -101.000000 0.000000 0.000000
26 1596502917 1.400000 -1.000000 -101.000000 0.000000 0.000000
26 1596502918 1.400000 -1.000000 -101.000000 0.000000 0.000000
26 1596502919 1.400000 -1.000000 -101.000000 0.000000 0.000000
26 1596502920 1.400000 -1.000000 -101.000000 0.000000 0.000000
26 1596502921 1.400000 -1.000000 -101.000000 0.000000 0.000000
26 1596502922 1.400000 -1.000000 -101.000000 0.000000 0.000000
26 1596502923 1.400000 -1.000000 -101.000000 0.000000 0.000000
26 1596502924 1.400000 -1.000000 -101.000000 0.000000 0.000000
26 1596502925 2.200000 -1.000000 -101.000000 0.000000 0.000000
26 1596502926 2.200000 -1.000000 -101.000000 0.000000 0.000000
26 1596502927 2.200000 -1.000000 -101.000000 0.000000 0.000000
26 1596502928 2.200000 -1.000000 -101.000000 0.000000 0.000000
26 1596502929 2.200000 -1.000000 -101.000000 0.000000 0.000000
26 1596502930 2.400000 -1.000000 -101.000000 0.000000 0.000000
26 1596502931 2.400000 -1.000000 -101.000000 0.000000 0.000000
26 1596502932 2.400000 -1.000000 -101.000000 0.000000 0.000000
26 1596502933 2.400000 -1.000000 -101.000000 0.000000 0.000000
26 1596502934 2.400000 -1.000000 -101.000000 0.000000 0.000000
26 1596502935 1.200000 -1.000000 -101.000000 0.000000 0.000000
26 1596502936 1.200000 -1.000000 -101.000000 0.000000 0.000000
26 1596502937 1.200000 -1.000000 -101.000000 0.000000 0.000000
26 1596502938 1.200000 -1.000000 -101.000000 0.000000 0.000000
26 1596502939 1.200000 -1.000000 -101.000000 0.000000 0.000000
26 1596502940 1.400000 -1.000000 -101.000000 0.000000 0.000000
26 1596502941 1.400000 -1.000000 -101.000000 0.000000 0.000000
26 1596502942 1.400000 -1.000000 -101.000000 0.000000 0.000000
26 1596502943 1.400000 -1.000000 -101.000000 0.000000 0.000000
26 1596502944 1.400000 -1.000000 -101.000000 0.000000 0.000000
26 1596502945 1.000000 -1.000000 -101.000000 0.000000 0.000000
26 1596502946 1.000000 -1.000000 -101.000000 0.000000 0.000000
26 1596502947 1.000000 -1.000000 -101.000000 0.000000 0.000000
26 1596502948 1.000000 -1.000000 -101.000000 0.000000 0.000000
26 1596502949 1.000000 -1.000000 -101.000000 0.000000 0.000000
26 1596502950 2.600000 -1.000000 -101.000000 0.000000 0.000000
26 1596502951 2.600000 -1.000000 -101.000000 0.000000 0.000000
26 1596502952 2.600000 -1.000000 -101.000000 0.000000 0.000000
26 1596502953 2.600000 -1.000000 -101.000000 0.000000 0.000000
26 1596502954 2.600000 -1.000000 -101.000000 0.000000 0.000000
26 1596502955 1.600000 -1.000000 -101.000000 0.000000 0.000000
26 1596502956 1.600000 -1.000000 -101.000000 0.000000 0.000000
26 1596502957 1.600000 -1.000000 -101.000000 0.000000 0.000000
26 1596502958 1.600000 -1.000000 -101.000000 0.000000 0.000000
26 1596502959 1.600000 -1.000000 -101.000000 0.000000 0.000000
26 1596502960 0.800000 -1.000000 -101.000000 0.000000 0.000000
26 1596502961 0.800000 -1.000000 -101.000000 0.000000 0.000000
26 1596502962 0.800000 -1.000000 -101.000000 0.000000 0.000000
26 1596502963 0.800000 -1.000000 -101.000000 0.000000 0.000000
26 1596502964 0.800000 -1.000000 -101.000000 0.000000 0.000000
26 1596502965 2.400000 -1.000000 -101.000000 0.000000 0.000000
26 1596502966 2.400000 -1.000000 -101.000000 0.000000 0.000000
26 1596502967 2.400000 -1.000000 -101.000000 0.000000 0.000000
26 1596502968 2.400000 -1.000000 -101.000000 0.000000 0.000000
26 1596502969 2.400000 -1.000000 -101.000000 0.000000 0.000000
26 1596502970 0.800000 -1.000000 -101.000000 0.000000 0.000000
26 1596502971 0.800000 -1.000000 -101.000000 0.000000 0.000000
26 1596502972 0.800000 -1.000000 -101.000000 0.000000 0.000000
26 1596502973 0.800000 -1.000000 -101.000000 0.000000 0.000000
26 1596502974 0.800000 -1.000000 -101.000000 0.000000 0.000000
26 1596502975 0.200000 -1.000000 -101.000000 0.000000 0.000000
26 1596502976 0.200000 -1.000000 -101.000000 0.000000 0.000000
26 1596502977 0.200000 -1.000000 -101.000000 0.000000 0.000000
26 1596502978 0.200000 -1.000000 -101.000000 0.000000 0.000000
26 1596502979 0.200000 -1.000000 -101.000000 0.000000 0.000000
26 1596502980 0.600000 -1.000000 -101.000000 0.000000 0.000000
26 1596502981 0.600000 -1.000000 -101.000000 0.000000 0.000000
26 1596502982 0.600000 -1.000000 -101.000000 0.000000 0.000000
26 1596502983 0.600000 -1.000000 -101.000000 0.000000 0.000000
26 1596502984 0.600000 -1.000000 -101.000000 0.000000 0.000000
26 1596502985 1.400000 -1.000000 -101.000000 0.000000 0.000000
26 1596502986 1.400000 -1.000000 -101.000000 0.000000 0.000000
26 1596502987 1.400000 -1.000000 -101.000000 0.000000 0.000000
26 1596502988 1.400000 -1.000000 -101.000000 0.000000 0.000000
26 1596502989 1.400000 -1.000000 -101.000000 0.000000 0.000000
26 1596502990 0.800000 -1.000000 -101.000000 0.000000 0.000000
26 1596502991 0.800000 -1.000000 -101.000000 0.000000 0.000000
26 1596502992 0.800000 -1.000000 -101.000000 0.000000 0.000000
26 1596502993 0.800000 -1.000000 -101.000000 0.000000 0.000000
26 1596502994 0.800000 -1.000000 -101.000000 0.000000 0.000000
26 1596502995 1.000000 -1.000000 -101.000000 0.000000 0.000000
26 1596502996 1.000000 -1.000000 -101.000000 0.000000 0.000000
26 1596502997 1.000000 -1.000000 -101.000000 0.000000 0.000000
26 1596502998 1.000000 -1.000000 -101.000000 0.000000 0.000000
26 1596502999 1.000000 -1.000000 -101.000000 0.000000 0.000000
26 1596503000 1.800000 -1.000000 -101.000000 0.000000 0.000000
26 1596503001 1.800000 -1.000000 -101.000000 0.000000 0.000000
26 1596503002 1.800000 -1.000000 -101.000000 0.000000 0.000000
26 1596503003 1.800000 -1.000000 -101.000000 0.000000 0.000000
26 1596503004 1.800000 -1.000000 -101.000000 0.000000 0.000000
26 1596503005 1.800000 -1.000000 -101.000000 0.000000 0.000000
26 1596503006 1.800000 -1.000000 -101.000000 0.000000 0.000000
26 1596503007 1.800000 -1.000000 -101.000000 0.000000 0.000000
26 1596503008 1.800000 -1.000000 -101.000000 0.000000 0.000000
26 1596503009 1.800000 -1.000000 -101.000000 0.000000 0.000000
26 1596503010 0.800000 -1.000000 -101.000000 0.000000 0.000000
26 1596503011 0.800000 -1.000000 -101.000000 0.000000 0.000000
26 1596503012 0.800000 -1.000000 -101.000000 0.000000 0.000000
26 1596503013 0.800000 -1.000000 -101.000000 0.000000 0.000000
26 1596503014 0.800000 -1.000000 -101.000000 0.000000 0.000000
26 1596503015 1.200000 -1.000000 -101.000000 0.000000 0.000000
26 1596503016 1.200000 -1.000000 -101.000000 0.000000 0.000000
26 1596503017 1.200000 -1.000000 -101.000000 0.000000 0.000000
26 1596503018 1.200000 -1.000000 -101.000000 0.000000 0.000000
26 1596503019 1.200000 -1.000000 -101.000000 0.000000 0.000000
26 1596503020 2.400000 -1.000000 -101.000000 0.000000 0.000000
26 1596503021 2.400000 -1.000000 -101.000000 0.000000 0.000000
26 1596503022 2.400000 -1.000000 -101.000000 0.000000 0.000000
26 1596503023 2.400000 -1.000000 -101.000000 0.000000 0.000000
26 1596503024 2.400000 -1.000000 -101.000000 0.000000 0.000000
26 1596503025 1.400000 -1.000000 -101.000000 0.000000 0.000000
26 1596503026 1.400000 -1.000000 -101.000000 0.000000 0.000000
26 1596503027 1.400000 -1.000000 -101.000000 0.000000 0.000000
26 1596503028 1.400000 -1.000000 -101.000000 0.000000 0.000000
26 1596503029 1.400000 -1.000000 -101.000000 0.000000 0.000000
26 1596503030 1.000000 -1.000000 -101.000000 0.000000 0.000000
26 1596503031 1.000000 -1.000000 -101.000000 0.000000 0.000000
26 1596503032 1.000000 -1.000000 -101.000000 0.000000 0.000000
26 1596503033 1.000000 -1.000000 -101.000000 0.000000 0.000000
26 1596503034 1.000000 -1.000000 -101.000000 0.000000 0.000000
26 1596503035 1.800000 -1.000000 -101.000000 0.000000 0.000000
26 1596503036 1.800000 -1.000000 -101.000000 0.000000 0.000000
26 1596503037 1.800000 -1.000000 -101.000000 0.000000 0.000000
26 1596503038 1.800000 -1.000000 -101.000000 0.000000 0.000000
26 1596503039 1.800000 -1.000000 -101.000000 0.000000 0.000000
26 1596503040 2.400000 -1.000000 -101.000000 0.000000 0.000000
26 1596503041 2.400000 -1.000000 -101.000000 0.000000 0.000000
26 1596503042 2.400000 -1.000000 -101.000000 0.000000 0.000000
26 1596503043 2.400000 -1.000000 -101.000000 0.000000 0.000000
26 1596503044 2.400000 -1.000000 -101.000000 0.000000 0.000000
26 1596503045 0.600000 -1.000000 -101.000000 0.000000 0.000000
26 1596503046 0.600000 -1.000000 -101.000000 0.000000 0.000000
26 1596503047 0.600000 -1.000000 -101.000000 0.000000 0.000000
26 1596503048 0.600000 -1.000000 -101.000000 0.000000 0.000000
26 1596503049 0.600000 -1.000000 -101.000000 0.000000 0.000000
26 1596503050 0.600000 -1.000000 -101.000000 0.000000 0.000000
26 1596503051 0.600000 -1.000000 -101.000000 0.000000 0.000000
26 1596503052 0.600000 -1.000000 -101.000000 0.000000 0.000000
26 1596503053 0.600000 -1.000000 -101.000000 0.000000 0.000000
26 1596503054 0.600000 -1.000000 -101.000000 0.000000 0.000000
26 1596503055 1.600000 -1.000000 -101.000000 0.000000 0.000000
26 1596503056 1.600000 -1.000000 -101.000000 0.000000 0.000000
26 1596503057 1.600000 -1.000000 -101.000000 0.000000 0.000000
26 1596503058 1.600000 -1.000000 -101.000000 0.000000 0.000000
26 1596503059 1.600000 -1.000000 -101.000000 0.000000 0.000000
26 1596503060 2.200000 -1.000000 -101.000000 0.000000 0.000000
26 1596503061 2.200000 -1.000000 -101.000000 0.000000 0.000000
26 1596503062 2.200000 -1.000000 -101.000000 0.000000 0.000000
26 1596503063 2.200000 -1.000000 -101.000000 0.000000 0.000000
26 1596503064 2.200000 -1.000000 -101.000000 0.000000 0.000000
26 1596503065 1.000000 -1.000000 -101.000000 0.000000 0.000000
26 1596503066 1.000000 -1.000000 -101.000000 0.000000 0.000000
26 1596503067 1.000000 -1.000000 -101.000000 0.000000 0.000000
26 1596503068 1.000000 -1.000000 -101.000000 0.000000 0.000000
26 1596503069 1.000000 -1.000000 -101.000000 0.000000 0.000000
26 1596503070 1.400000 -1.000000 -101.000000 0.000000 0.000000
26 1596503071 1.400000 -1.000000 -101.000000 0.000000 0.000000
26 1596503072 1.400000 -1.000000 -101.000000 0.000000 0.000000
26 1596503073 1.400000 -1.000000 -101.000000 0.000000 0.000000
26 1596503074 1.400000 -1.000000 -101.000000 0.000000 0.000000
26 1596503075 1.400000 -1.000000 -101.000000 0.000000 0.000000
26 1596503076 1.400000 -1.000000 -101.000000 0.000000 0.000000
26 1596503077 1.400000 -1.000000 -101.000000 0.000000 0.000000
26 1596503078 1.400000 -1.000000 -101.000000 0.000000 0.000000
26 1596503079 1.400000 -1.000000 -101.000000 0.000000 0.000000
26 1596503080 1.400000 -1.000000 -101.000000 0.000000 0.000000
26 1596503081 1.400000 -1.000000 -101.000000 0.000000 0.000000
26 1596503082 1.400000 -1.000000 -101.000000 0.000000 0.000000
26 1596503083 1.400000 -1.000000 -101.000000 0.000000 0.000000
26 1596503084 1.400000 -1.000000 -101.000000 0.000000 0.000000
26 1596503085 0.800000 -1.000000 -101.000000 0.000000 0.000000
26 1596503086 0.800000 -1.000000 -101.000000 0.000000 0.000000
26 1596503087 0.800000 -1.000000 -101.000000 0.000000 0.000000
26 1596503088 0.800000 -1.000000 -101.000000 0.000000 0.000000
26 1596503089 0.800000 -1.000000 -101.000000 0.000000 0.000000
26 1596503090 1.400000 -1.000000 -101.000000 0.000000 0.000000
26 1596503091 1.400000 -1.000000 -101.000000 0.000000 0.000000
26 1596503092 1.400000 -1.000000 -101.000000 0.000000 0.000000
26 1596503093 1.400000 -1.000000 -101.000000 0.000000 0.000000
26 1596503094 1.400000 -1.000000 -101.000000 0.000000 0.000000
26 1596503095 1.000000 -1.000000 -101.000000 0.000000 0.000000
26 1596503096 1.000000 -1.000000 -101.000000 0.000000 0.000000
26 1596503097 1.000000 -1.000000 -101.000000 0.000000 0.000000
26 1596503098 1.000000 -1.000000 -101.000000 0.000000 0.000000
26 1596503099 1.000000 -1.000000 -101.000000 0.000000 0.000000
26 1596503100 1.400000 -1.000000 -101.000000 0.000000 0.000000
26 1596503101 1.400000 -1.000000 -101.000000 0.000000 0.000000
26 1596503102 1.400000 -1.000000 -101.000000 0.000000 0.000000
26 1596503103 1.400000 -1.000000 -101.000000 0.000000 0.000000
26 1596503104 1.400000 -1.000000 -101.000000 0.000000 0.000000
26 1596503105 1.200000 -1.000000 -101.000000 0.000000 0.000000
26 1596503106 1.200000 -1.000000 -101.000000 0.000000 0.000000
26 1596503107 1.200000 -1.000000 -101.000000 0.000000 0.000000
26 1596503108 1.200000 -1.000000 -101.000000 0.000000 0.000000
26 1596503109 1.200000 -1.000000 -101.000000 0.000000 0.000000
26 1596503110 1.400000 -1.000000 -101.000000 0.000000 0.000000
26 1596503111 1.400000 -1.000000 -101.000000 0.000000 0.000000
26 1596503112 1.400000 -1.000000 -101.000000 0.000000 0.000000
26 1596503113 1.400000 -1.000000 -101.000000 0.000000 0.000000
26 1596503114 1.400000 -1.000000 -101.000000 0.000000 0.000000
26 1596503115 1.000000 -1.000000 -101.000000 0.000000 0.000000
26 1596503116 1.000000 -1.000000 -101.000000 0.000000 0.000000
26 1596503117 1.000000 -1.000000 -101.000000 0.000000 0.000000
26 1596503118 1.000000 -1.000000 -101.000000 0.000000 0.000000
26 1596503119 1.000000 -1.000000 -101.000000 0.000000 0.000000
26 1596503120 1.400000 -1.000000 -101.000000 0.000000 0.000000
26 1596503121 1.400000 -1.000000 -101.000000 0.000000 0.000000
26 1596503122 1.400000 -1.000000 -101.000000 0.000000 0.000000
26 1596503123 1.400000 -1.000000 -101.000000 0.000000 0.000000
26 1596503124 1.400000 -1.000000 -101.000000 0.000000 0.000000
26 1596503125 1.000000 -1.000000 -101.000000 0.000000 0.000000
26 1596503126 1.000000 -1.000000 -101.000000 0.000000 0.000000
26 1596503127 1.000000 -1.000000 -101.000000 0.000000 0.000000
26 1596503128 1.000000 -1.000000 -101.000000 0.000000 0.000000
26 1596503129 1.000000 -1.000000 -101.000000 0.000000 0.000000
26 1596503130 1.800000 -1.000000 -101.000000 0.000000 0.000000
26 1596503131 1.800000 -1.000000 -101.000000 0.000000 0.000000
26 1596503132 1.800000 -1.000000 -101.000000 0.000000 0.000000
26 1596503133 1.800000 -1.000000 -101.000000 0.000000 0.000000
26 1596503134 1.800000 -1.000000 -101.000000 0.000000 0.000000
26 1596503135 1.800000 -1.000000 -101.000000 0.000000 0.000000
26 1596503136 1.800000 -1.000000 -101.000000 0.000000 0.000000
26 1596503137 1.800000 -1.000000 -101.000000 0.000000 0.000000
26 1596503138 1.800000 -1.000000 -101.000000 0.000000 0.000000
26 1596503139 1.800000 -1.000000 -101.000000 0.000000 0.000000
26 1596503140 1.600000 -1.000000 -101.000000 0.000000 0.000000
26 1596503141 1.600000 -1.000000 -101.000000 0.000000 0.000000
26 1596503142 1.600000 -1.000000 -101.000000 0.000000 0.000000
26 1596503143 1.600000 -1.000000 -101.000000 0.000000 0.000000
26 1596503144 1.600000 -1.000000 -101.000000 0.000000 0.000000
26 1596503145 1.000000 -1.000000 -101.000000 0.000000 0.000000
26 1596503146 1.000000 -1.000000 -101.000000 0.000000 0.000000
26 1596503147 1.000000 -1.000000 -101.000000 0.000000 0.000000
26 1596503148 1.000000 -1.000000 -101.000000 0.000000 0.000000
26 1596503149 1.000000 -1.000000 -101.000000 0.000000 0.000000
26 1596503150 1.600000 -1.000000 -101.000000 0.000000 0.000000
26 1596503151 1.600000 -1.000000 -101.000000 0.000000 0.000000
26 1596503152 1.600000 -1.000000 -101.000000 0.000000 0.000000
26 1596503153 1.600000 -1.000000 -101.000000 0.000000 0.000000
26 1596503154 1.600000 -1.000000 -101.000000 0.000000 0.000000
26 1596503155 2.000000 -1.000000 -101.000000 0.000000 0.000000
26 1596503156 2.000000 -1.000000 -101.000000 0.000000 0.000000
26 1596503157 2.000000 -1.000000 -101.000000 0.000000 0.000000
26 1596503158 2.000000 -1.000000 -101.000000 0.000000 0.000000
26 1596503159 2.000000 -1.000000 -101.000000 0.000000 0.000000
26 1596503160 1.600000 -1.000000 -101.000000 0.000000 0.000000
26 1596503161 1.600000 -1.000000 -101.000000 0.000000 0.000000
26 1596503162 1.600000 -1.000000 -101.000000 0.000000 0.000000
26 1596503163 1.600000 -1.000000 -101.000000 0.000000 0.000000
26 1596503164 1.600000 -1.000000 -101.000000 0.000000 0.000000
26 1596503165 1.600000 -1.000000 -101.000000 0.000000 0.000000
26 1596503166 1.600000 -1.000000 -101.000000 0.000000 0.000000
26 1596503167 1.600000 -1.000000 -101.000000 0.000000 0.000000
26 1596503168 1.600000 -1.000000 -101.000000 0.000000 0.000000
26 1596503169 1.600000 -1.000000 -101.000000 0.000000 0.000000
26 1596503170 1.000000 -1.000000 -101.000000 0.000000 0.000000
26 1596503171 1.000000 -1.000000 -101.000000 0.000000 0.000000
26 1596503172 1.000000 -1.000000 -101.000000 0.000000 0.000000
26 1596503173 1.000000 -1.000000 -101.000000 0.000000 0.000000
26 1596503174 1.000000 -1.000000 -101.000000 0.000000 0.000000
26 1596503175 1.800000 -1.000000 -101.000000 0.000000 0.000000
26 1596503176 1.800000 -1.000000 -101.000000 0.000000 0.000000
26 1596503177 1.800000 -1.000000 -101.000000 0.000000 0.000000
26 1596503178 1.800000 -1.000000 -101.000000 0.000000 0.000000
26 1596503179 1.800000 -1.000000 -101.000000 0.000000 0.000000
26 1596503180 1.000000 -1.000000 -101.000000 0.000000 0.000000
26 1596503181 1.000000 -1.000000 -101.000000 0.000000 0.000000
26 1596503182 1.000000 -1.000000 -101.000000 0.000000 0.000000
26 1596503183 1.000000 -1.000000 -101.000000 0.000000 0.000000
26 1596503184 1.000000 -1.000000 -101.000000 0.000000 0.000000
26 1596503185 1.000000 -1.000000 -101.000000 0.000000 0.000000
26 1596503186 1.000000 -1.000000 -101.000000 0.000000 0.000000
26 1596503187 1.000000 -1.000000 -101.000000 0.000000 0.000000
26 1596503188 1.000000 -1.000000 -101.000000 0.000000 0.000000
26 1596503189 1.000000 -1.000000 -101.000000 0.000000 0.000000
26 1596503190 1.200000 -1.000000 -101.000000 0.000000 0.000000
26 1596503191 1.200000 -1.000000 -101.000000 0.000000 0.000000
26 1596503192 1.200000 -1.000000 -101.000000 0.000000 0.000000
26 1596503193 1.200000 -1.000000 -101.000000 0.000000 0.000000
26 1596503194 1.200000 -1.000000 -101.000000 0.000000 0.000000
26 1596503195 1.600000 -1.000000 -101.000000 0.000000 0.000000
26 1596503196 1.600000 -1.000000 -101.000000 0.000000 0.000000
26 1596503197 1.600000 -1.000000 -101.000000 0.000000 0.000000
26 1596503198 1.600000 -1.000000 -101.000000 0.000000 0.000000
26 1596503199 1.600000 -1.000000 -101.000000 0.000000 0.000000
26 1596503200 1.600000 -1.000000 -101.000000 0.000000 0.000000
26 1596503201 1.600000 -1.000000 -101.000000 0.000000 0.000000
26 1596503202 1.600000 -1.000000 -101.000000 0.000000 0.000000
26 1596503203 1.600000 -1.000000 -101.000000 0.000000 0.000000
26 1596503204 1.600000 -1.000000 -101.000000 0.000000 0.000000
26 1596503205 1.200000 -1.000000 -101.000000 0.000000 0.000000
26 1596503206 1.200000 -1.000000 -101.000000 0.000000 0.000000
26 1596503207 1.200000 -1.000000 -101.000000 0.000000 0.000000
26 1596503208 1.200000 -1.000000 -101.000000 0.000000 0.000000
26 1596503209 1.200000 -1.000000 -101.000000 0.000000 0.000000
26 1596503210 1.400000 -1.000000 -101.000000 0.000000 0.000000
26 1596503211 1.400000 -1.000000 -101.000000 0.000000 0.000000
26 1596503212 1.400000 -1.000000 -101.000000 0.000000 0.000000
26 1596503274 2.400000 -1.000000 2.400000 2.400000 1.152000
26 1596503273 2.400000 -1.000000 2.400000 2.400000 1.152000
26 1596503272 2.400000 -1.000000 2.400000 2.400000 1.152000
26 1596503271 2.400000 -1.000000 2.400000 2.400000 1.152000
26 1596503270 2.400000 -1.000000 2.400000 2.400000 1.152000
26 1596503269 1.400000 -1.000000 1.400000 1.400000 0.392000
26 1596503268 1.400000 -1.000000 1.400000 1.400000 0.392000
26 1596503267 1.400000 -1.000000 1.400000 1.400000 0.392000
26 1596503266 1.400000 -1.000000 1.400000 1.400000 0.392000
26 1596503265 1.400000 -1.000000 1.400000 1.400000 0.392000
26 1596503264 0.800000 -1.000000 0.800000 0.800000 0.128000
26 1596503263 0.800000 -1.000000 0.800000 0.800000 0.128000
26 1596503262 0.800000 -1.000000 0.800000 0.800000 0.128000
26 1596503261 0.800000 -1.000000 0.800000 0.800000 0.128000
26 1596503260 0.800000 -1.000000 0.800000 0.800000 0.128000
26 1596503259 1.000000 -1.000000 1.000000 1.000000 0.200000
26 1596503258 1.000000 -1.000000 1.000000 1.000000 0.200000
26 1596503257 1.000000 -1.000000 1.000000 1.000000 0.200000
26 1596503256 1.000000 -1.000000 1.000000 1.000000 0.200000
26 1596503255 1.000000 -1.000000 1.000000 1.000000 0.200000
26 1596503254 1.400000 -1.000000 1.400000 1.400000 0.392000
26 1596503253 1.400000 -1.000000 1.400000 1.400000 0.392000
26 1596503252 1.400000 -1.000000 1.400000 1.400000 0.392000
26 1596503251 1.400000 -1.000000 1.400000 1.400000 0.392000
26 1596503250 1.400000 -1.000000 1.400000 1.400000 0.392000
26 1596503249 1.200000 -1.000000 1.200000 1.200000 0.288000
26 1596503248 1.200000 -1.000000 1.200000 1.200000 0.288000
26 1596503247 1.200000 -1.000000 1.200000 1.200000 0.288000
26 1596503246 1.200000 -1.000000 1.200000 1.200000 0.288000
26 1596503245 1.200000 -1.000000 1.200000 1.200000 0.288000
26 1596503244 1.200000 -1.000000 1.200000 1.200000 0.288000
26 1596503243 1.200000 -1.000000 1.200000 1.200000 0.288000
26 1596503242 1.200000 -1.000000 1.200000 1.200000 0.288000
26 1596503241 1.200000 -1.000000 1.200000 1.200000 0.288000
26 1596503240 1.200000 -1.000000 1.200000 1.200000 0.288000
26 1596503239 1.600000 -1.000000 1.600000 1.600000 0.512000
26 1596503238 1.600000 -1.000000 1.600000 1.600000 0.512000
26 1596503237 1.600000 -1.000000 1.600000 1.600000 0.512000
26 1596503236 1.600000 -1.000000 1.600000 1.600000 0.512000
26 1596503235 1.600000 -1.000000 1.600000 1.600000 0.512000
26 1596503234 1.200000 -1.000000 1.200000 1.200000 0.288000
26 1596503233 1.200000 -1.000000 1.200000 1.200000 0.288000
26 1596503232 1.200000 -1.000000 1.200000 1.200000 0.288000
26 1596503231 1.200000 -1.000000 1.200000 1.200000 0.288000
26 1596503230 1.200000 -1.000000 1.200000 1.200000 0.288000
26 1596503229 1.000000 -1.000000 1.000000 1.000000 0.200000
26 1596503228 1.000000 -1.000000 1.000000 1.000000 0.200000
26 1596503227 1.000000 -1.000000 1.000000 1.000000 0.200000
26 1596503226 1.000000 -1.000000 1.000000 1.000000 0.200000
26 1596503225 1.000000 -1.000000 1.000000 1.000000 0.200000
26 1596503224 1.200000 -1.000000 1.200000 1.200000 0.288000
26 1596503223 1.200000 -1.000000 1.200000 1.200000 0.288000
26 1596503222 1.200000 -1.000000 1.200000 1.200000 0.288000
26 1596503221 1.200000 -1.000000 1.200000 1.200000 0.288000
26 1596503220 1.200000 -1.000000 1.200000 1.200000 0.288000
26 1596503219 1.400000 -1.000000 1.400000 1.400000 0.392000
26 1596503218 1.400000 -1.000000 1.400000 1.400000 0.392000
26 1596503217 1.400000 -1.000000 1.400000 1.400000 0.392000
26 1596503216 1.400000 -1.000000 1.400000 1.400000 0.392000
26 1596503215 1.400000 -1.000000 1.400000 1.400000 0.392000
26 1596503214 1.400000 -1.000000 1.400000 1.400000 0.392000
26 1596503213 1.400000 -1.000000 1.400000 1.400000 0.392000
26 1596503213 1.400000 -1.000000 -101.000000 0.000000 0.000000
26 1596503214 1.400000 -1.000000 -101.000000 0.000000 0.000000
26 1596503215 1.400000 -1.000000 -101.000000 0.000000 0.000000
26 1596503216 1.400000 -1.000000 -101.000000 0.000000 0.000000
26 1596503217 1.400000 -1.000000 -101.000000 0.000000 0.000000
26 1596503218 1.400000 -1.000000 -101.000000 0.000000 0.000000
26 1596503219 1.400000 -1.000000 -101.000000 0.000000 0.000000
26 1596503220 1.200000 -1.000000 -101.000000 0.000000 0.000000
26 1596503221 1.200000 -1.000000 -101.000000 0.000000 0.000000
26 1596503222 1.200000 -1.000000 -101.000000 0.000000 0.000000
26 1596503223 1.200000 -1.000000 -101.000000 0.000000 0.000000
26 1596503224 1.200000 -1.000000 -101.000000 0.000000 0.000000
26 1596503225 1.000000 -1.000000 -101.000000 0.000000 0.000000
26 1596503226 1.000000 -1.000000 -101.000000 0.000000 0.000000
26 1596503227 1.000000 -1.000000 -101.000000 0.000000 0.000000
26 1596503228 1.000000 -1.000000 -101.000000 0.000000 0.000000
26 1596503229 1.000000 -1.000000 -101.000000 0.000000 0.000000
26 1596503230 1.200000 -1.000000 -101.000000 0.000000 0.000000
26 1596503231 1.200000 -1.000000 -101.000000 0.000000 0.000000
26 1596503232 1.200000 -1.000000 -101.000000 0.000000 0.000000
26 1596503233 1.200000 -1.000000 -101.000000 0.000000 0.000000
26 1596503234 1.200000 -1.000000 -101.000000 0.000000 0.000000
26 1596503235 1.600000 -1.000000 -101.000000 0.000000 0.000000
26 1596503236 1.600000 -1.000000 -101.000000 0.000000 0.000000
26 1596503237 1.600000 -1.000000 -101.000000 0.000000 0.000000
26 1596503238 1.600000 -1.000000 -101.000000 0.000000 0.000000
26 1596503239 1.600000 -1.000000 -101.000000 0.000000 0.000000
26 1596503240 1.200000 -1.000000 -101.000000 0.000000 0.000000
26 1596503241 1.200000 -1.000000 -101.000000 0.000000 0.000000
26 1596503242 1.200000 -1.000000 -101.000000 0.000000 0.000000
26 1596503243 1.200000 -1.000000 -101.000000 0.000000 0.000000
26 1596503244 1.200000 -1.000000 -101.000000 0.000000 0.000000
26 1596503245 1.200000 -1.000000 -101.000000 0.000000 0.000000
26 1596503246 1.200000 -1.000000 -101.000000 0.000000 0.000000
26 1596503247 1.200000 -1.000000 -101.000000 0.000000 0.000000
26 1596503248 1.200000 -1.000000 -101.000000 0.000000 0.000000
26 1596503249 1.200000 -1.000000 -101.000000 0.000000 0.000000
26 1596503250 1.400000 -1.000000 -101.000000 0.000000 0.000000
26 1596503251 1.400000 -1.000000 -101.000000 0.000000 0.000000
26 1596503252 1.400000 -1.000000 -101.000000 0.000000 0.000000
26 1596503253 1.400000 -1.000000 -101.000000 0.000000 0.000000
26 1596503254 1.400000 -1.000000 -101.000000 0.000000 0.000000
26 1596503255 1.000000 -1.000000 -101.000000 0.000000 0.000000
26 1596503256 1.000000 -1.000000 -101.000000 0.000000 0.000000
26 1596503257 1.000000 -1.000000 -101.000000 0.000000 0.000000
26 1596503258 1.000000 -1.000000 -101.000000 0.000000 0.000000
26 1596503259 1.000000 -1.000000 -101.000000 0.000000 0.000000
26 1596503260 0.800000 -1.000000 -101.000000 0.000000 0.000000
26 1596503261 0.800000 -1.000000 -101.000000 0.000000 0.000000
26 1596503262 0.800000 -1.000000 -101.000000 0.000000 0.000000
26 1596503263 0.800000 -1.000000 -101.000000 0.000000 0.000000
26 1596503264 0.800000 -1.000000 -101.000000 0.000000 0.000000
26 1596503265 1.400000 -1.000000 -101.000000 0.000000 0.000000
26 1596503266 1.400000 -1.000000 -101.000000 0.000000 0.000000
26 1596503267 1.400000 -1.000000 -101.000000 0.000000 0.000000
26 1596503268 1.400000 -1.000000 -101.000000 0.000000 0.000000
26 1596503269 1.400000 -1.000000 -101.000000 0.000000 0.000000
26 1596503270 2.400000 -1.000000 -101.000000 0.000000 0.000000
26 1596503271 2.400000 -1.000000 -101.000000 0.000000 0.000000
26 1596503272 2.400000 -1.000000 -101.000000 0.000000 0.000000
26 1596503273 2.400000 -1.000000 -101.000000 0.000000 0.000000
26 1596503274 2.400000 -1.000000 -101.000000 0.000000 0.000000
26 1596503275 1.200000 -1.000000 -101.000000 0.000000 0.000000
26 1596503276 1.200000 -1.000000 -101.000000 0.000000 0.000000
26 1596503277 1.200000 -1.000000 -101.000000 0.000000 0.000000
26 1596503278 1.200000 -1.000000 -101.000000 0.000000 0.000000
26 1596503279 1.200000 -1.000000 -101.000000 0.000000 0.000000
26 1596503280 2.200000 -1.000000 -101.000000 0.000000 0.000000
26 1596503281 2.200000 -1.000000 -101.000000 0.000000 0.000000
26 1596503282 2.200000 -1.000000 -101.000000 0.000000 0.000000
26 1596503283 2.200000 -1.000000 -101.000000 0.000000 0.000000
26 1596503284 2.200000 -1.000000 -101.000000 0.000000 0.000000
26 1596503285 1.200000 -1.000000 -101.000000 0.000000 0.000000
26 1596503286 1.200000 -1.000000 -101.000000 0.000000 0.000000
26 1596503287 1.200000 -1.000000 -101.000000 0.000000 0.000000
26 1596503288 1.200000 -1.000000 -101.000000 0.000000 0.000000
26 1596503289 1.200000 -1.000000 -101.000000 0.000000 0.000000
26 1596503290 2.400000 -1.000000 -101.000000 0.000000 0.000000
26 1596503291 2.400000 -1.000000 -101.000000 0.000000 0.000000
26 1596503292 2.400000 -1.000000 -101.000000 0.000000 0.000000
26 1596503293 2.400000 -1.000000 -101.000000 0.000000 0.000000
26 1596503294 2.400000 -1.000000 -101.000000 0.000000 0.000000
26 1596503295 1.400000 -1.000000 -101.000000 0.000000 0.000000
26 1596503296 1.400000 -1.000000 -101.000000 0.000000 0.000000
26 1596503297 1.400000 -1.000000 -101.000000 0.000000 0.000000
26 1596503298 1.400000 -1.000000 -101.000000 0.000000 0.000000
26 1596503299 1.400000 -1.000000 -101.000000 0.000000 0.000000
26 1596503300 1.600000 -1.000000 -101.000000 0.000000 0.000000
26 1596503301 1.600000 -1.000000 -101.000000 0.000000 0.000000
26 1596503302 1.600000 -1.000000 -101.000000 0.000000 0.000000
26 1596503303 1.600000 -1.000000 -101.000000 0.000000 0.000000
26 1596503304 1.600000 -1.000000 -101.000000 0.000000 0.000000
26 1596503305 2.200000 -1.000000 -101.000000 0.000000 0.000000
26 1596503306 2.200000 -1.000000 -101.000000 0.000000 0.000000
26 1596503307 2.200000 -1.000000 -101.000000 0.000000 0.000000
26 1596503308 2.200000 -1.000000 -101.000000 0.000000 0.000000
26 1596503309 2.200000 -1.000000 -101.000000 0.000000 0.000000
26 1596503310 1.200000 -1.000000 -101.000000 0.000000 0.000000
26 1596503311 1.200000 -1.000000 -101.000000 0.000000 0.000000
26 1596503312 1.200000 -1.000000 -101.000000 0.000000 0.000000
26 1596503313 1.200000 -1.000000 -101.000000 0.000000 0.000000
26 1596503314 1.200000 -1.000000 -101.000000 0.000000 0.000000
26 1596503315 1.000000 -1.000000 -101.000000 0.000000 0.000000
26 1596503316 1.000000 -1.000000 -101.000000 0.000000 0.000000
26 1596503317 1.000000 -1.000000 -101.000000 0.000000 0.000000
26 1596503318 1.000000 -1.000000 -101.000000 0.000000 0.000000
26 1596503319 1.000000 -1.000000 -101.000000 0.000000 0.000000
26 1596503320 0.400000 -1.000000 -101.000000 0.000000 0.000000
26 1596503321 0.400000 -1.000000 -101.000000 0.000000 0.000000
26 1596503322 0.400000 -1.000000 -101.000000 0.000000 0.000000
26 1596503323 0.400000 -1.000000 -101.000000 0.000000 0.000000
26 1596503324 0.400000 -1.000000 -101.000000 0.000000 0.000000
26 1596503325 1.200000 -1.000000 -101.000000 0.000000 0.000000
26 1596503326 1.200000 -1.000000 -101.000000 0.000000 0.000000
26 1596503327 1.200000 -1.000000 -101.000000 0.000000 0.000000
26 1596503328 1.200000 -1.000000 -101.000000 0.000000 0.000000
26 1596503329 1.200000 -1.000000 -101.000000 0.000000 0.000000
26 1596503330 0.800000 -1.000000 -101.000000 0.000000 0.000000
26 1596503331 0.800000 -1.000000 -101.000000 0.000000 0.000000
26 1596503332 0.800000 -1.000000 -101.000000 0.000000 0.000000
26 1596503333 0.800000 -1.000000 -101.000000 0.000000 0.000000
26 1596503334 0.800000 -1.000000 -101.000000 0.000000 0.000000
26 1596503335 0.600000 -1.000000 -101.000000 0.000000 0.000000
26 1596503336 0.600000 -1.000000 -101.000000 0.000000 0.000000
26 1596503337 0.600000 -1.000000 -101.000000 0.000000 0.000000
26 1596503338 0.600000 -1.000000 -101.000000 0.000000 0.000000
26 1596503339 0.600000 -1.000000 -101.000000 0.000000 0.000000
26 1596503340 1.000000 -1.000000 -101.000000 0.000000 0.000000
26 1596503341 1.000000 -1.000000 -101.000000 0.000000 0.000000
26 1596503342 1.000000 -1.000000 -101.000000 0.000000 0.000000
26 1596503343 1.000000 -1.000000 -101.000000 0.000000 0.000000
26 1596503344 1.000000 -1.000000 -101.000000 0.000000 0.000000
26 1596503345 1.800000 -1.000000 -101.000000 0.000000 0.000000
26 1596503346 1.800000 -1.000000 -101.000000 0.000000 0.000000
26 1596503347 1.800000 -1.000000 -101.000000 0.000000 0.000000
26 1596503348 1.800000 -1.000000 -101.000000 0.000000 0.000000
26 1596503349 1.800000 -1.000000 -101.000000 0.000000 0.000000
26 1596503350 1.400000 -1.000000 -101.000000 0.000000 0.000000
26 1596503351 1.400000 -1.000000 -101.000000 0.000000 0.000000
26 1596503352 1.400000 -1.000000 -101.000000 0.000000 0.000000
26 1596503353 1.400000 -1.000000 -101.000000 0.000000 0.000000
26 1596503354 1.400000 -1.000000 -101.000000 0.000000 0.000000
26 1596503355 0.800000 -1.000000 -101.000000 0.000000 0.000000
26 1596503356 0.800000 -1.000000 -101.000000 0.000000 0.000000
26 1596503357 0.800000 -1.000000 -101.000000 0.000000 0.000000
26 1596503358 0.800000 -1.000000 -101.000000 0.000000 0.000000
26 1596503359 0.800000 -1.000000 -101.000000 0.000000 0.000000
26 1596503360 1.400000 -1.000000 -101.000000 0.000000 0.000000
26 1596503361 1.400000 -1.000000 -101.000000 0.000000 0.000000
26 1596503362 1.400000 -1.000000 -101.000000 0.000000 0.000000
26 1596503363 1.400000 -1.000000 -101.000000 0.000000 0.000000
26 1596503364 1.400000 -1.000000 -101.000000 0.000000 0.000000
26 1596503365 2.200000 -1.000000 -101.000000 0.000000 0.000000
26 1596503366 2.200000 -1.000000 -101.000000 0.000000 0.000000
26 1596503367 2.200000 -1.000000 -101.000000 0.000000 0.000000
26 1596503368 2.200000 -1.000000 -101.000000 0.000000 0.000000
26 1596503369 2.200000 -1.000000 -101.000000 0.000000 0.000000
26 1596503370 1.200000 -1.000000 -101.000000 0.000000 0.000000
26 1596503371 1.200000 -1.000000 -101.000000 0.000000 0.000000
26 1596503372 1.200000 -1.000000 -101.000000 0.000000 0.000000
26 1596503373 1.200000 -1.000000 -101.000000 0.000000 0.000000
26 1596503374 1.200000 -1.000000 -101.000000 0.000000 0.000000
26 1596503375 1.200000 -1.000000 -101.000000 0.000000 0.000000
26 1596503376 1.200000 -1.000000 -101.000000 0.000000 0.000000
26 1596503377 1.200000 -1.000000 -101.000000 0.000000 0.000000
26 1596503378 1.200000 -1.000000 -101.000000 0.000000 0.000000
26 1596503379 1.200000 -1.000000 -101.000000 0.000000 0.000000
26 1596503380 2.000000 -1.000000 -101.000000 0.000000 0.000000
26 1596503381 2.000000 -1.000000 -101.000000 0.000000 0.000000
26 1596503382 2.000000 -1.000000 -101.000000 0.000000 0.000000
26 1596503383 2.000000 -1.000000 -101.000000 0.000000 0.000000
26 1596503384 2.000000 -1.000000 -101.000000 0.000000 0.000000
26 1596503385 2.600000 -1.000000 -101.000000 0.000000 0.000000
26 1596503386 2.600000 -1.000000 -101.000000 0.000000 0.000000
26 1596503387 2.600000 -1.000000 -101.000000 0.000000 0.000000
26 1596503388 2.600000 -1.000000 -101.000000 0.000000 0.000000
26 1596503389 2.600000 -1.000000 -101.000000 0.000000 0.000000
26 1596503390 0.800000 -1.000000 -101.000000 0.000000 0.000000
26 1596503391 0.800000 -1.000000 -101.000000 0.000000 0.000000
26 1596503392 0.800000 -1.000000 -101.000000 0.000000 0.000000
26 1596503393 0.800000 -1.000000 -101.000000 0.000000 0.000000
26 1596503394 0.800000 -1.000000 -101.000000 0.000000 0.000000
26 1596503395 1.600000 -1.000000 -101.000000 0.000000 0.000000
26 1596503396 1.600000 -1.000000 -101.000000 0.000000 0.000000
26 1596503397 1.600000 -1.000000 -101.000000 0.000000 0.000000
26 1596503398 1.600000 -1.000000 -101.000000 0.000000 0.000000
26 1596503399 1.600000 -1.000000 -101.000000 0.000000 0.000000
26 1596503400 1.400000 -1.000000 -101.000000 0.000000 0.000000
26 1596503401 1.400000 -1.000000 -101.000000 0.000000 0.000000
26 1596503402 1.400000 -1.000000 -101.000000 0.000000 0.000000
26 1596503403 1.400000 -1.000000 -101.000000 0.000000 0.000000
26 1596503404 1.400000 -1.000000 -101.000000 0.000000 0.000000
26 1596503405 1.800000 -1.000000 -101.000000 0.000000 0.000000
26 1596503406 1.800000 -1.000000 -101.000000 0.000000 0.000000
26 1596503407 1.800000 -1.000000 -101.000000 0.000000 0.000000
26 1596503408 1.800000 -1.000000 -101.000000 0.000000 0.000000
26 1596503409 1.800000 -1.000000 -101.000000 0.000000 0.000000
26 1596503410 1.000000 -1.000000 -101.000000 0.000000 0.000000
26 1596503411 1.000000 -1.000000 -101.000000 0.000000 0.000000
26 1596503412 1.000000 -1.000000 -101.000000 0.000000 0.000000
26 1596503413 1.000000 -1.000000 -101.000000 0.000000 0.000000
26 1596503414 1.000000 -1.000000 -101.000000 0.000000 0.000000
26 1596503415 1.200000 -1.000000 -101.000000 0.000000 0.000000
26 1596503416 1.200000 -1.000000 -101.000000 0.000000 0.000000
26 1596503417 1.200000 -1.000000 -101.000000 0.000000 0.000000
26 1596503418 1.200000 -1.000000 -101.000000 0.000000 0.000000
26 1596503419 1.200000 -1.000000 -101.000000 0.000000 0.000000
26 1596503420 3.000000 -1.000000 -101.000000 0.000000 0.000000
26 1596503421 3.000000 -1.000000 -101.000000 0.000000 0.000000
26 1596503422 3.000000 -1.000000 -101.000000 0.000000 0.000000
26 1596503423 3.000000 -1.000000 -101.000000 0.000000 0.000000
26 1596503424 3.000000 -1.000000 -101.000000 0.000000 0.000000
26 1596503425 0.400000 -1.000000 -101.000000 0.000000 0.000000
26 1596503426 0.400000 -1.000000 -101.000000 0.000000 0.000000
26 1596503427 0.400000 -1.000000 -101.000000 0.000000 0.000000
26 1596503428 0.400000 -1.000000 -101.000000 0.000000 0.000000
26 1596503429 0.400000 -1.000000 -101.000000 0.000000 0.000000
26 1596503430 0.800000 -1.000000 -101.000000 0.000000 0.000000
26 1596503431 0.800000 -1.000000 -101.000000 0.000000 0.000000
26 1596503432 0.800000 -1.000000 -101.000000 0.000000 0.000000
26 1596503433 0.800000 -1.000000 -101.000000 0.000000 0.000000
26 1596503434 0.800000 -1.000000 -101.000000 0.000000 0.000000
26 1596503435 1.200000 -1.000000 -101.000000 0.000000 0.000000
26 1596503436 1.200000 -1.000000 -101.000000 0.000000 0.000000
26 1596503437 1.200000 -1.000000 -101.000000 0.000000 0.000000
26 1596503438 1.200000 -1.000000 -101.000000 0.000000 0.000000
26 1596503439 1.200000 -1.000000 -101.000000 0.000000 0.000000
26 1596503440 1.400000 -1.000000 -101.000000 0.000000 0.000000
26 1596503441 1.400000 -1.000000 -101.000000 0.000000 0.000000
26 1596503442 1.400000 -1.000000 -101.000000 0.000000 0.000000
26 1596503443 1.400000 -1.000000 -101.000000 0.000000 0.000000
26 1596503444 1.400000 -1.000000 -101.000000 0.000000 0.000000
26 1596503445 0.600000 -1.000000 -101.000000 0.000000 0.000000
26 1596503446 0.600000 -1.000000 -101.000000 0.000000 0.000000
26 1596503447 0.600000 -1.000000 -101.000000 0.000000 0.000000
26 1596503448 0.600000 -1.000000 -101.000000 0.000000 0.000000
26 1596503449 0.600000 -1.000000 -101.000000 0.000000 0.000000
26 1596503450 1.000000 -1.000000 -101.000000 0.000000 0.000000
26 1596503451 1.000000 -1.000000 -101.000000 0.000000 0.000000
26 1596503452 1.000000 -1.000000 -101.000000 0.000000 0.000000
26 1596503453 1.000000 -1.000000 -101.000000 0.000000 0.000000
26 1596503454 1.000000 -1.000000 -101.000000 0.000000 0.000000
26 1596503455 1.600000 -1.000000 -101.000000 0.000000 0.000000
26 1596503456 1.600000 -1.000000 -101.000000 0.000000 0.000000
26 1596503457 1.600000 -1.000000 -101.000000 0.000000 0.000000
26 1596503458 1.600000 -1.000000 -101.000000 0.000000 0.000000
26 1596503459 1.600000 -1.000000 -101.000000 0.000000 0.000000
26 1596503460 1.400000 -1.000000 -101.000000 0.000000 0.000000
26 1596503461 1.400000 -1.000000 -101.000000 0.000000 0.000000
26 1596503462 1.400000 -1.000000 -101.000000 0.000000 0.000000
26 1596503463 1.400000 -1.000000 -101.000000 0.000000 0.000000
26 1596503464 1.400000 -1.000000 -101.000000 0.000000 0.000000
26 1596503465 0.400000 -1.000000 -101.000000 0.000000 0.000000
26 1596503466 0.400000 -1.000000 -101.000000 0.000000 0.000000
26 1596503467 0.400000 -1.000000 -101.000000 0.000000 0.000000
26 1596503468 0.400000 -1.000000 -101.000000 0.000000 0.000000
26 1596503469 0.400000 -1.000000 -101.000000 0.000000 0.000000
26 1596503470 1.800000 -1.000000 -101.000000 0.000000 0.000000
26 1596503471 1.800000 -1.000000 -101.000000 0.000000 0.000000
26 1596503472 1.800000 -1.000000 -101.000000 0.000000 0.000000
26 1596503535 4.000000 -1.000000 4.000000 4.000000 3.200000
26 1596503534 0.200000 -1.000000 0.200000 0.200000 0.008000
26 1596503533 0.200000 -1.000000 0.200000 0.200000 0.008000
26 1596503532 0.200000 -1.000000 0.200000 0.200000 0.008000
26 1596503531 0.200000 -1.000000 0.200000 0.200000 0.008000
26 1596503530 0.200000 -1.000000 0.200000 0.200000 0.008000
26 1596503529 0.400000 -1.000000 0.400000 0.400000 0.032000
26 1596503528 0.400000 -1.000000 0.400000 0.400000 0.032000
26 1596503527 0.400000 -1.000000 0.400000 0.400000 0.032000
26 1596503526 0.400000 -1.000000 0.400000 0.400000 0.032000
26 1596503525 0.400000 -1.000000 0.400000 0.400000 0.032000
26 1596503524 1.200000 -1.000000 1.200000 1.200000 0.288000
26 1596503523 1.200000 -1.000000 1.200000 1.200000 0.288000
26 1596503522 1.200000 -1.000000 1.200000 1.200000 0.288000
26 1596503521 1.200000 -1.000000 1.200000 1.200000 0.288000
26 1596503520 1.200000 -1.000000 1.200000 1.200000 0.288000
26 1596503514 2.000000 -1.000000 2.000000 2.000000 0.800000
26 1596503513 2.000000 -1.000000 2.000000 2.000000 0.800000
26 1596503512 2.000000 -1.000000 2.000000 2.000000 0.800000
26 1596503511 2.000000 -1.000000 2.000000 2.000000 0.800000
26 1596503510 2.000000 -1.000000 2.000000 2.000000 0.800000
26 1596503509 1.600000 -1.000000 1.600000 1.600000 0.512000
26 1596503508 1.600000 -1.000000 1.600000 1.600000 0.512000
26 1596503507 1.600000 -1.000000 1.600000 1.600000 0.512000
26 1596503506 1.600000 -1.000000 1.600000 1.600000 0.512000
26 1596503505 1.600000 -1.000000 1.600000 1.600000 0.512000
26 1596503504 1.200000 -1.000000 1.200000 1.200000 0.288000
26 1596503503 1.200000 -1.000000 1.200000 1.200000 0.288000
26 1596503502 1.200000 -1.000000 1.200000 1.200000 0.288000
26 1596503501 1.200000 -1.000000 1.200000 1.200000 0.288000
26 1596503500 1.200000 -1.000000 1.200000 1.200000 0.288000
26 1596503499 2.000000 -1.000000 2.000000 2.000000 0.800000
26 1596503498 2.000000 -1.000000 2.000000 2.000000 0.800000
26 1596503497 2.000000 -1.000000 2.000000 2.000000 0.800000
26 1596503496 2.000000 -1.000000 2.000000 2.000000 0.800000
26 1596503495 2.000000 -1.000000 2.000000 2.000000 0.800000
26 1596503494 2.800000 -1.000000 2.800000 2.800000 1.568000
26 1596503493 2.800000 -1.000000 2.800000 2.800000 1.568000
26 1596503492 2.800000 -1.000000 2.800000 2.800000 1.568000
26 1596503491 2.800000 -1.000000 2.800000 2.800000 1.568000
26 1596503490 2.800000 -1.000000 2.800000 2.800000 1.568000
26 1596503489 1.600000 -1.000000 1.600000 1.600000 0.512000
26 1596503488 1.600000 -1.000000 1.600000 1.600000 0.512000
26 1596503487 1.600000 -1.000000 1.600000 1.600000 0.512000
26 1596503486 1.600000 -1.000000 1.600000 1.600000 0.512000
26 1596503485 1.600000 -1.000000 1.600000 1.600000 0.512000
26 1596503484 2.200000 -1.000000 2.200000 2.200000 0.968000
26 1596503483 2.200000 -1.000000 2.200000 2.200000 0.968000
26 1596503482 2.200000 -1.000000 2.200000 2.200000 0.968000
26 1596503481 2.200000 -1.000000 2.200000 2.200000 0.968000
26 1596503480 2.200000 -1.000000 2.200000 2.200000 0.968000
26 1596503479 1.400000 -1.000000 1.400000 1.400000 0.392000
26 1596503478 1.400000 -1.000000 1.400000 1.400000 0.392000
26 1596503477 1.400000 -1.000000 1.400000 1.400000 0.392000
26 1596503476 1.400000 -1.000000 1.400000 1.400000 0.392000
26 1596503475 1.400000 -1.000000 1.400000 1.400000 0.392000
26 1596503474 1.800000 -1.000000 1.800000 1.800000 0.648000
26 1596503473 1.800000 -1.000000 1.800000 1.800000 0.648000
